15.777
15.777
15.777
15.777
15.777
15.777
15.777
15.777
15.777
15.777
15.777
15.777
15.777
15.777
15.777
15.777
15.777
15.777
15.777
15.777
15.777
14.77
13.763
12.758
11.753
10.75
9.7469
8.7451
7.7443
6.7444
5.7454
4.7473
3.7502
2.7541
1.7589
0.76467
-0.22861
-1.2209
-2.2123
-3.2027
-4.1921
-5.1805
-6.1679
-7.1544
-8.1398
-9.1243
-10.108
-15.777
-15.777
-15.777
-15.777
-15.777
-15.777
-15.777
-15.777
-15.777
-15.777
-15.777
-15.777
-15.777
-15.777
-15.777
-15.777
-15.777
-15.777
-15.777
-15.777
-15.777
-15.777
-15.777
-15.777
-15.777
-15.777
-15.777
-15.777
-15.777
-15.777
-15.777
-15.777
-15.777
-15.777
-15.777
-15.777
-15.777
-15.777
-15.777
-15.777
-15.777
-15.777
-15.777
-15.777
-15.777
-15.777
-15.777
-15.777
-15.777
-15.777
-15.777
-15.777
-15.777
-15.777
-15.777
-15.777
-15.777
-15.777
-15.777
-15.777
-15.777
-15.777
-15.777
-15.777
-15.777
-15.777
-15.777
-15.777
-15.777
-15.777
-15.777
-15.777
-15.777
-15.777
-15.777
-15.777
-15.777
-15.777
-15.777
-15.777
-15.777
-15.777
-15.777
-15.777
-15.777
-15.777
-15.777
-15.777
-15.777
-15.777
-15.777
-15.777
-15.777
-15.777
-15.777
-15.777
-15.777
-15.777
-15.777
-15.777
-15.777
-15.777
-15.777
-15.777
-15.777
-15.777
-15.777
-15.777
-15.777
-15.777
-15.777
-15.777
-15.777
-15.777
-15.777
-15.777
-15.777
-15.777
-15.777
-15.777
-15.777
-15.777
-15.777
-15.777
-15.777
-15.777
-15.777
-15.777
-15.777
-15.777
-15.777
-15.777
-15.777
-15.426
-15.076
-14.725
-14.374
-14.024
-13.673
-13.323
-12.972
-12.621
-12.271
-11.92
-11.57
-11.219
-10.868
-10.518
-10.167
-9.8167
-9.4661
-9.1155
-8.7649
-8.4143
-8.0637
-7.7131
-7.3625
-7.0119
-6.6613
-6.3107
-5.9601
-5.6095
-5.2589
-4.9083
-4.5577
-4.2071
-3.8565
-3.506
-3.1554
-2.8048
-2.4542
-2.1036
-1.753
-1.4024
-1.0518
-0.70119
-0.3506
0
0.3506
0.70119
1.0518
1.4024
1.753
2.1036
2.4542
2.8048
3.1554
3.506
3.8565
4.2071
4.5577
4.9083
5.2589
5.6095
5.9601
6.3107
6.6613
7.0119
7.3625
7.7131
8.0637
8.4143
8.7649
9.1155
9.4661
9.8167
10.167
10.518
10.868
11.219
11.57
11.92
12.271
12.621
12.972
13.323
13.673
14.024
14.374
14.725
15.076
15.426
15.777
9.744
10.839
11.964
13.119
14.301
15.51
16.745
18.004
19.286
20.592
21.919
23.268
24.637
26.026
27.434
28.862
30.307
31.77
33.251
34.748
36.261
37.791
39.336
40.897
42.472
44.062
45.666
47.284
48.915
50.56
52.218
53.889
55.572
57.268
58.975
60.695
62.426
64.168
65.922
67.686
69.462
71.247
73.044
74.85
76.667
78.494
80.33
82.176
84.031
85.896
87.769
89.652
91.543
93.444
95.352
97.27
99.195
101.13
103.07
105.02
106.98
108.94
110.92
112.9
114.89
116.88
118.88
120.89
122.91
124.93
126.96
129
131.04
133.09
135.15
137.21
139.28
141.36
143.44
145.53
147.62
149.72
151.83
153.94
156.06
158.18
160.31
162.44
164.58
166.73
168.88
166.73
164.58
162.44
160.31
158.18
156.06
153.94
151.83
149.72
147.62
145.53
143.44
141.36
139.28
137.21
135.15
133.09
131.04
129
126.96
124.93
122.91
120.89
118.88
116.88
114.89
112.9
110.92
108.94
106.98
105.02
103.07
101.13
99.195
97.27
95.352
93.444
91.543
89.652
87.769
85.896
84.031
82.176
80.33
78.494
76.667
74.85
73.044
71.247
69.462
67.686
65.922
64.168
62.426
60.695
58.975
57.268
55.572
53.889
52.218
50.56
48.915
47.284
45.666
44.062
42.472
40.897
39.336
37.791
36.261
34.748
33.251
31.77
30.307
28.862
27.434
26.026
24.637
23.268
21.919
20.592
19.286
18.004
16.745
15.51
14.301
13.119
11.964
10.839
12.054
11.72
11.387
11.053
10.72
10.386
10.053
9.7191
9.3856
9.0521
8.7186
8.3851
8.0516
7.7181
7.3846
7.0511
6.7176
6.3841
6.0506
5.7171
5.3836
5.0501
4.7166
4.3831
4.0496
3.7161
3.3826
3.0491
2.7156
2.3821
2.0486
1.7151
1.3816
1.0481
0.71464
0.38114
0.047643
-0.28586
-0.61935
-0.95285
-1.2864
-1.6198
-1.9533
-2.2868
-2.6203
-2.9538
-3.2873
-3.6208
-3.9543
-4.2878
-4.6213
-4.9548
-5.2883
-5.6218
-5.9553
-6.2888
-6.6223
-6.9558
-7.2893
-7.6228
-7.9563
-8.2898
-8.6233
-8.9568
-9.2903
-9.6238
-9.9573
-10.291
-10.624
-10.958
-11.291
-11.625
-11.958
-12.292
-12.625
-12.959
-13.292
-13.626
-13.959
-14.293
-14.626
-14.96
-15.293
-15.627
-15.96
-16.294
-16.627
-16.961
-17.294
-13.835
-10.377
-5.0817
-4.1488
-3.2286
-2.3219
-1.4294
-0.55151
0.31093
1.1573
1.9871
2.7996
3.5941
4.3702
5.1271
5.8643
6.5813
7.2774
7.9521
8.6048
9.235
9.8422
10.426
10.986
11.521
12.031
12.516
12.975
13.408
13.814
14.194
14.546
14.87
15.167
15.435
15.674
15.885
16.067
16.22
16.344
16.438
8.7696
9.7548
10.768
11.807
12.871
13.959
15.07
16.203
17.358
18.533
19.727
20.941
22.173
23.423
24.691
25.975
27.276
28.593
29.926
31.273
32.635
34.012
35.403
36.807
38.225
39.656
41.099
42.555
44.024
45.504
46.996
48.5
50.015
51.541
53.078
54.625
56.183
57.751
59.329
60.918
62.515
64.123
65.739
67.365
69
70.644
72.297
73.958
75.628
77.306
78.992
80.687
82.389
84.099
85.817
87.543
89.276
91.016
92.764
94.519
96.28
98.049
99.825
101.61
103.4
105.19
106.99
108.8
110.62
112.44
114.27
116.1
117.94
119.78
121.64
123.49
125.36
127.22
129.1
130.98
132.86
134.75
136.65
138.55
140.45
142.36
144.28
146.2
148.12
150.05
151.99
150.05
148.12
146.2
144.28
142.36
140.45
138.55
136.65
134.75
132.86
130.98
129.1
127.22
125.36
123.49
121.64
119.78
117.94
116.1
114.27
112.44
110.62
108.8
106.99
105.19
103.4
101.61
99.825
98.049
96.28
94.519
92.764
91.016
89.276
87.543
85.817
84.099
82.389
80.687
78.992
77.306
75.628
73.958
72.297
70.644
69
67.365
65.739
64.123
62.515
