320
320
320
320
320
320
320
320
320
320
320
320
320
320
320
320
320
320
320
320
320
320
320
320
320
320
320
320
320
320
320
320
320
320
320
320
320
320
320
320
320
320
320
320
320
320
320
320
320
320
320
320
320
320
320
320
320
320
320
320
320
320
320
320
320
320
320
320
320
320
320
320
320
320
320
320
320
320
320
320
320
320
320
320
320
320
320
320
320
320
320
320
320
320
320
320
320
320
320
320
320
320
320
320
320
320
320
320
320
320
320
320
320
320
320
320
320
320
320
320
320
320
320
320
320
320
320
320
320
320
320
320
320
320
320
320
320
320
320
320
320
320
320
320
320
320
320
320
320
320
320
320
320
320
320
320
320
320
320
320
320
320
320
320
320
320
320
320
320
320
320
320
320
320
320
320
320
320
320
320
320
320
320
320
320
320
320
320
320
320
320
320
320
320
320
320
320
320
320
320
320
320
320
320
320
320
320
320
320
320
320
320
320
320
320
320
320
320
320
320
320
320
320
320
320
320
320
320
320
320
320
320
320
320
320
320
320
320
320
320
320
320
320
320
320
320
320
320
320
320
320
320
320
320
320
320
320
320
320
320
320
320
320
320
320
320
320
320
320
320
320
320
320
320
320
320
320
320
320
320
320
320.54
323.34
326.17
329.05
331.97
334.92
337.91
340.94
343.99
347.09
350.21
353.37
356.56
359.78
363.02
366.3
369.61
372.94
376.3
379.69
383.1
386.54
390.01
393.49
397.01
400.54
404.1
407.69
411.29
414.92
418.57
422.24
425.93
429.64
433.37
437.13
440.9
444.69
448.5
452.33
456.17
460.04
463.92
467.82
471.74
475.67
479.62
483.59
487.57
491.57
495.59
499.62
503.67
507.73
511.8
515.89
520
524.12
528.25
532.4
536.57
540.74
544.93
549.13
553.35
557.58
561.82
566.07
570.34
574.61
578.9
583.21
587.52
591.85
596.18
600.53
604.89
609.26
613.64
618.04
613.64
609.26
604.89
600.53
596.18
591.85
587.52
583.21
578.9
574.61
570.34
566.07
561.82
557.58
553.35
549.13
544.93
540.74
536.57
532.4
528.25
524.12
520
515.89
511.8
507.73
503.67
499.62
495.59
491.57
487.57
483.59
479.62
475.67
471.74
467.82
463.92
460.04
456.17
452.33
448.5
444.69
440.9
437.13
433.37
429.64
425.93
422.24
418.57
414.92
411.29
407.69
404.1
400.54
397.01
393.49
390.01
386.54
383.1
379.69
376.3
372.94
369.61
366.3
363.02
359.78
356.56
353.37
350.21
347.09
343.99
340.94
337.91
334.92
331.97
329.05
326.17
323.34
320.54
320
320
320
320
320
320
320
320
320
320
321.24
322.04
322.83
323.62
324.41
325.2
325.99
326.78
327.57
328.36
329.15
329.94
330.74
331.53
332.32
333.11
333.9
334.69
335.48
336.27
337.06
337.85
338.64
339.44
340.23
341.02
341.81
342.6
343.39
344.18
344.97
345.76
346.55
347.34
348.13
348.93
349.72
350.51
351.3
352.09
352.88
353.67
354.46
355.25
356.04
356.83
357.63
358.42
359.21
360
360.79
361.58
362.37
363.16
363.95
364.74
365.53
366.33
367.12
367.91
368.7
369.49
370.28
371.07
371.86
372.65
373.44
374.23
375.03
375.82
376.61
377.4
378.19
378.98
379.77
380.56
381.35
382.14
382.93
383.73
384.52
385.31
386.1
386.89
387.68
388.47
389.26
390.05
390.84
391.11
389.49
387.87
386.24
384.61
382.98
381.34
379.7
378.05
376.4
374.75
373.09
371.43
369.77
368.1
366.43
364.75
363.07
361.38
359.7
358
356.31
354.61
352.91
351.2
349.49
347.78
346.06
344.34
342.62
340.89
339.16
337.43
335.69
333.95
332.2
330.46
328.7
326.95
325.19
323.43
320
320
320
320
320
320
320
320
320
320
320
320
320
320
320
320
320
320
320
320
320
320
320
320
320
320
320
320
320
320
320
320
320
320
320
320
320
320
320
320
320
320
320
320
320
320
320
320
320
320
320
320
320
320
320
320
320
320
320
320
320
320
320
320
320
320
320
320
320
320
320
320
320
320
320
320
320
320
320
320
320
320
320
320
320
320
320
320
320
320
320
320
320
320
320
320
320
320
320
320
320
320
320
320
320
320
320
320
320
320
320
320
320
320
320
320
320
320
320
320
320
320
320
320
320
320
320
320
320
320
320
320
320
320
320
320
320
320
320
320
320
