15.777
15.777
15.777
15.777
15.777
15.777
15.777
15.777
15.777
15.777
15.777
15.777
15.777
15.777
15.777
15.777
15.777
15.777
15.777
15.777
15.777
14.77
13.763
12.758
11.753
10.75
9.7469
8.7451
7.7443
6.7444
5.7454
4.7473
3.7502
2.7541
1.7589
0.76467
-0.22861
-1.2209
-2.2123
-3.2027
-4.1921
-5.1805
-6.1679
-7.1544
-8.1398
-9.1243
-10.108
-11.09
-12.072
-11.044
-11.044
-11.044
-11.044
-11.044
-11.044
-11.044
-11.044
-11.044
-11.044
-11.044
-11.044
-11.044
-11.044
-11.044
-11.044
-11.044
-11.044
-11.044
-11.044
-11.044
-11.044
-11.044
-11.044
-11.044
-11.044
-11.044
-11.044
-11.044
-11.044
-11.044
-11.044
-11.044
-11.044
-11.044
-11.044
-11.044
-11.044
-11.044
-11.044
-11.044
-11.044
-11.044
-11.044
-11.044
-11.044
-11.044
-11.044
-11.044
-11.044
-11.044
-11.044
-11.044
-11.044
-11.044
-11.044
-11.044
-11.044
-11.044
-11.044
-11.044
-11.044
-11.044
-11.044
-11.044
-11.044
-11.044
-11.044
-11.044
-11.044
-11.044
-11.044
-11.044
-11.044
-11.044
-11.044
-11.044
-11.044
-11.044
-11.044
-11.044
-11.044
-11.044
-11.044
-11.044
-11.044
-11.044
-11.044
-11.044
-11.044
-11.044
-11.044
-11.044
-11.044
-11.044
-11.044
-11.044
-11.044
-11.044
-11.044
-11.044
-11.044
-11.044
-11.044
-11.044
-11.044
-11.044
-11.044
-11.044
-11.044
-11.044
-11.044
-11.044
-11.044
-11.044
-11.044
-11.044
-11.044
-11.044
-11.044
-11.044
-11.044
-11.044
-11.044
-11.044
-11.044
-11.044
-11.044
-11.044
-11.044
-11.044
-10.768
-10.492
-10.215
-9.9394
-9.6633
-9.3872
-9.1111
-8.835
-8.5589
-8.2828
-8.0067
-7.7306
-7.4545
-7.1784
-6.9023
-6.6262
-6.3502
-6.0741
-5.798
-5.5219
-5.2458
-4.9697
-4.6936
-4.4175
-4.1414
-3.8653
-3.5892
-3.3131
-3.037
-2.7609
-2.4848
-2.2087
-1.9327
-1.6566
-1.3805
-1.1044
-0.82828
-0.55219
-0.27609
0
0.27609
0.55219
0.82828
1.1044
1.3805
1.6566
1.9327
2.2087
2.4848
2.7609
3.037
3.3131
3.5892
3.8653
4.1414
4.4175
4.6936
4.9697
5.2458
5.5219
5.798
6.0741
6.3502
6.6262
6.9023
7.1784
7.4545
7.7306
8.0067
8.2828
8.5589
8.835
9.1111
9.3872
9.6633
9.9394
10.215
10.492
10.768
11.044
11.32
11.596
11.872
12.148
12.424
12.7
12.976
13.252
13.529
13.805
9.744
10.839
11.964
13.119
14.301
15.51
16.745
18.004
19.286
20.592
21.919
23.268
24.637
26.026
27.434
28.862
30.307
31.77
33.251
34.748
36.261
37.791
39.336
40.897
42.472
44.062
45.666
47.284
48.915
50.56
52.218
53.889
55.572
57.268
58.975
60.695
62.426
64.168
65.922
67.686
69.462
71.247
73.044
74.85
76.667
78.494
80.33
82.176
84.031
85.896
87.769
89.652
91.543
93.444
95.352
97.27
99.195
101.13
103.07
105.02
106.98
108.94
110.92
112.9
114.89
116.88
118.88
120.89
122.91
124.93
126.96
129
131.04
133.09
135.15
137.21
139.28
141.36
143.44
145.53
147.62
149.72
151.83
153.94
156.06
158.18
160.31
162.44
164.58
166.73
168.88
166.73
164.58
162.44
160.31
158.18
156.06
153.94
151.83
149.72
147.62
145.53
143.44
141.36
139.28
137.21
135.15
133.09
131.04
129
126.96
124.93
122.91
120.89
118.88
116.88
114.89
112.9
110.92
108.94
106.98
105.02
103.07
101.13
99.195
97.27
95.352
93.444
91.543
89.652
87.769
85.896
84.031
82.176
80.33
78.494
76.667
74.85
73.044
71.247
69.462
67.686
65.922
64.168
62.426
60.695
58.975
57.268
55.572
53.889
52.218
50.56
48.915
47.284
45.666
44.062
42.472
40.897
39.336
37.791
36.261
34.748
33.251
31.77
30.307
28.862
27.434
26.026
24.637
23.268
21.919
20.592
19.286
18.004
16.745
15.51
14.301
13.119
11.964
10.839
-23.613
-24
-24.387
-24.774
-25.161
-25.548
-25.935
-26.323
-26.71
-27.097
-27.484
-27.871
-28.258
-28.645
-29.032
-29.419
-29.806
-30.194
-30.581
-30.968
-31.355
-31.742
-32.129
-32.516
-32.903
-33.29
-33.677
-34.064
-34.452
-34.839
-35.226
-35.613
-36
-36.387
-36.774
-37.161
-37.548
-37.935
-38.323
-38.71
-39.097
-39.484
-39.871
-40.258
-40.645
-41.032
-41.419
-41.806
-42.194
-42.581
-42.968
-43.355
-43.742
-44.129
-44.516
-44.903
-45.29
-45.677
-46.064
-46.452
-46.839
-47.226
-47.613
-48
-48.387
-48.774
-49.161
-49.548
-49.935
-50.323
-50.71
-51.097
-51.484
-51.871
-52.258
-52.645
-53.032
-53.419
-53.806
-54.194
-54.581
-54.968
-55.355
-55.742
-56.129
-56.516
-56.903
-57.29
-57.677
-57.806
-57.015
-56.221
-55.426
-54.628
-53.829
-53.027
-52.223
-51.418
-50.611
-49.801
-48.99
-48.177
-47.362
-46.545
-45.726
-44.906
-44.083
-43.259
-42.433
-41.605
-40.775
-39.944
-39.11
-38.275
-37.438
-36.6
-35.76
-34.918
-34.074
-33.229
-32.381
-31.533
-30.682
-29.83
-28.976
-28.121
-27.264
-26.405
-25.545
-24.683
13.92
13.92
13.92
13.92
13.92
13.92
13.92
13.92
13.92
13.92
13.92
13.92
13.92
13.92
13.92
13.92
13.92
13.92
13.92
13.92
13.92
13.92
13.92
13.92
13.92
13.92
13.92
13.92
13.92
13.92
13.92
13.92
13.92
13.92
13.92
13.92
13.92
13.92
13.92
13.92
13.92
13.92
13.92
13.92
13.92
13.92
13.92
13.92
13.92
13.92
13.92
13.92
13.92
13.92
13.92
13.92
13.92
13.92
13.92
13.92
13.92
13.92
13.92
13.92
13.92
13.92
13.92
13.92
13.92
13.92
13.92
13.92
13.92
13.92
13.92
13.92
13.92
13.92
13.92
13.92
13.92
13.92
13.92
13.92
13.92
13.92
13.92
13.92
13.92
13.92
13.92
13.92
13.92
13.92
13.92
13.92
13.92
13.92
13.92
13.92
13.92
13.92
13.92
13.92
13.92
13.92
13.92
13.92
13.92
13.92
13.92
13.92
13.92
13.92
13.92
13.92
13.92
13.92
13.92
13.92
13.92
13.92
13.92
13.92
13.92
13.92
13.92
13.92
13.92
13.92
13.92
13.92
13.92
13.92
13.92
13.92
13.92
13.92
13.92
13.92
13.92
