320
320
320
320
320
320
320
320
320
320
320
320
320
320
320
320
320
320
320
320
320
320
320
320
320
320
320
320
320
320
320
320
320
320
320
320
320
320
320
320
320
320
320
320
320
320
320
320
320
320
320
320
320
320
320
320
320
320
320
320
320
320
320
320
320
320
320
320
320
320
320
320
320
320
320
320
320
320
320
320
320
320
320
320
320
320
320
320
320
320
320
320
320
320
320
320
320
320
320
320
320
320
320
320
320
320
320
320
320
320
320
320
320
320
320
320
320
320
320
320
320
320
320
320
320
320
320
320
320
320
320
320
320
320
320
320
320
320
320
320
320
320
320
320
320
320
320
320
320
320
320
320
320
320
320
320
320
320
320
320
320
320
320
320
320
320
320
320
320
320
320
320
320
320
320
320
320
320
320
320
320
320
320
320
320
320
320
320
320
320
320
320
320
320
320
320
320
320
320
320
320
320
320
320
320
320
320
320
320
320
320
320
320
320
320
320
320
320
320
320
320
320
320
320
320
320
320
320
320
320
320
320
320
320
320
320
320
320
320
320
320
320
320
320
320
320
320
320
320
320
320
320
320
320
320
320
320
320
320
320
320
320
320
320
320
320
320
320
320
320
320
320
320
320
320
320
320
320
320
320
320
320
320
320
320
322.14
324.6
327.09
329.61
332.16
334.74
337.34
339.97
342.63
345.31
348.02
350.75
353.5
356.28
359.08
361.91
364.75
367.62
370.5
373.41
376.34
379.29
382.25
385.24
388.24
391.26
394.31
397.36
400.44
403.53
406.64
409.77
412.91
416.07
419.25
422.44
425.64
428.86
432.1
435.35
438.61
441.89
445.18
448.49
451.81
455.14
458.49
461.85
465.22
468.6
472
475.41
478.83
482.26
485.71
489.17
492.63
496.11
499.6
503.11
506.62
510.14
513.68
517.22
520.78
524.34
527.92
531.5
535.1
538.7
542.31
545.94
549.57
553.21
556.87
560.53
556.87
553.21
549.57
545.94
542.31
538.7
535.1
531.5
527.92
524.34
520.78
517.22
513.68
510.14
506.62
503.11
499.6
496.11
492.63
489.17
485.71
482.26
478.83
475.41
472
468.6
465.22
461.85
458.49
455.14
451.81
448.49
445.18
441.89
438.61
435.35
432.1
428.86
425.64
422.44
419.25
416.07
412.91
409.77
406.64
403.53
400.44
397.36
394.31
391.26
388.24
385.24
382.25
379.29
376.34
373.41
370.5
367.62
364.75
361.91
359.08
356.28
353.5
350.75
348.02
345.31
342.63
339.97
337.34
334.74
332.16
329.61
327.09
324.6
322.14
320
320
320
320
320
320
320
320
320
320
320
320
320
320
320
320
320
320
320
320
320
320
320
320
320
320
320
320
320
320
320
320
320
320
320
320
320
320
320
320
320
320
320
320
320
320
320
320
320
320
320
320
320
320
320
320
320
320
320
320
320
320
320
320
320
320
320
320
320
320
320
320
320
320
320
320
320
320
320
320
320
320
320
320
320
320
320
320
320
320
320
320
320
320
320
320
320
320
320
320
320
320
320
320
320
320
320
320
320
320
320
320
320
320
320
320
320
320
320
320
320
320
320
320
320
320
320
320
320
320
320
320
320
320
320
320
320
320
320
320
320
320
320
320
320
320
320
320
320
320
320
320
320
320
320
320
320
320
320
320
320
320
320
320
320
320
320
320
320
320
320
320
320
320
320
320
320
320
320
320
320
320
320
320
320
320
320
320
320
320
320
320
320
320
320
320
320
320
320
320
320
320
320
320
320
320
320
320
320
320
320
320
320
320
320
320
320
320
320
320
320
320
320
320
320
320
320
320
320
320
320
320
320
320
320
320
320
320
320
320
320
320
320
320
320
320
320
320
320
320
320
320
320
320
320
320
320
320
320
320
320
320
320
320
320
320
320
320
320
320
320
320
320
320
320
320
320
320
320
320
320
320
320
320
320
