13.92
13.92
13.92
13.92
13.92
13.92
13.92
13.92
13.92
13.92
13.92
13.92
13.92
13.92
13.92
13.92
13.92
13.92
13.92
13.92
13.92
12.913
11.906
10.901
9.8964
8.8928
7.8901
6.8883
5.8875
4.8876
3.8886
2.8906
1.8935
0.89732
-0.097874
-1.0921
-2.0854
-3.0777
-4.0691
-5.0594
-6.0488
-7.0373
-8.0247
-9.0112
-9.9966
-10.981
-11.965
-12.947
-13.928
-14.909
-15.888
-16.867
-17.844
-18.82
-19.796
-23.78
-23.78
-23.78
-23.78
-23.78
-23.78
-23.78
-23.78
-23.78
-23.78
-23.78
-23.78
-23.78
-23.78
-23.78
-23.78
-23.78
-23.78
-23.78
-23.78
-23.78
-23.78
-23.78
-23.78
-23.78
-23.78
-23.78
-23.78
-23.78
-23.78
-23.78
-23.78
-23.78
-23.78
-23.78
-23.78
-23.78
-23.78
-23.78
-23.78
-23.78
-23.78
-23.78
-23.78
-23.78
-23.78
-23.78
-23.78
-23.78
-23.78
-23.78
-23.78
-23.78
-23.78
-23.78
-23.78
-23.78
-23.78
-23.78
-23.78
-23.78
-23.78
-23.78
-23.78
-23.78
-23.78
-23.78
-23.78
-23.78
-23.78
-23.78
-23.78
-23.78
-23.78
-23.78
-23.78
-23.78
-23.78
-23.78
-23.78
-23.78
-23.78
-23.78
-23.78
-23.78
-23.78
-23.78
-23.78
-23.78
-23.78
-23.78
-23.78
-23.78
-23.78
-23.78
-23.78
-23.78
-23.78
-23.78
-23.78
-23.78
-23.78
-23.78
-23.78
-23.78
-23.78
-23.78
-23.78
-23.78
-23.78
-23.78
-23.78
-23.78
-23.78
-23.78
-23.78
-23.78
-23.78
-23.78
-23.78
-23.78
-23.78
-23.78
-23.78
-23.78
-23.471
-23.162
-22.852
-22.543
-22.234
-21.924
-21.615
-21.306
-20.996
-20.687
-20.378
-20.068
-19.759
-19.45
-19.14
-18.831
-18.522
-18.212
-17.903
-17.594
-17.284
-16.975
-16.666
-16.356
-16.047
-15.738
-15.428
-15.119
-14.81
-14.5
-14.191
-13.882
-13.572
-13.263
-12.954
-12.644
-12.335
-12.026
-11.716
-11.407
-11.098
-10.788
-10.479
-10.17
-9.8602
-9.5509
-9.2415
-8.9322
-8.6229
-8.3135
-8.0042
-7.6949
-7.3855
-7.0762
-6.7669
-6.4575
-6.1482
-5.8389
-5.5295
-5.2202
-4.9109
-4.6015
-4.2922
-3.9829
-3.6735
-3.3642
-3.0549
-2.7455
-2.4362
-2.1269
-1.8175
-1.5082
-1.1989
-0.88955
-0.58021
-0.27088
0.038452
0.34779
0.65712
0.96645
1.2758
1.5851
1.8945
2.2038
2.5131
2.8225
3.1318
3.4411
3.7505
4.0598
9.744
10.839
11.964
13.119
14.301
15.51
16.745
18.004
19.286
20.592
21.919
23.268
24.637
26.026
27.434
28.862
30.307
31.77
33.251
34.748
36.261
37.791
39.336
40.897
42.472
44.062
45.666
47.284
48.915
50.56
52.218
53.889
55.572
57.268
58.975
60.695
62.426
64.168
65.922
67.686
69.462
71.247
73.044
74.85
76.667
78.494
80.33
82.176
84.031
85.896
87.769
89.652
91.543
93.444
95.352
97.27
99.195
101.13
103.07
105.02
106.98
108.94
110.92
112.9
114.89
116.88
118.88
120.89
122.91
124.93
126.96
129
131.04
133.09
135.15
137.21
139.28
141.36
143.44
145.53
147.62
149.72
151.83
153.94
156.06
158.18
160.31
162.44
164.58
166.73
168.88
166.73
164.58
162.44
160.31
158.18
156.06
153.94
151.83
149.72
147.62
145.53
143.44
141.36
139.28
137.21
135.15
133.09
131.04
129
126.96
124.93
122.91
120.89
118.88
116.88
114.89
112.9
110.92
108.94
106.98
105.02
103.07
101.13
99.195
97.27
95.352
93.444
91.543
89.652
87.769
85.896
84.031
82.176
80.33
78.494
76.667
74.85
73.044
71.247
69.462
67.686
65.922
64.168
62.426
60.695
58.975
57.268
55.572
53.889
52.218
50.56
48.915
47.284
45.666
44.062
42.472
40.897
39.336
37.791
36.261
34.748
33.251
31.77
30.307
28.862
27.434
26.026
24.637
23.268
21.919
20.592
19.286
18.004
16.745
15.51
14.301
13.119
11.964
10.839
15.123
14.761
14.4
14.039
13.677
13.316
12.955
12.594
12.232
11.871
11.51
11.148
10.787
10.426
10.065
9.7032
9.3419
8.9806
8.6193
8.2581
7.8968
7.5355
7.1742
6.8129
6.4516
6.0903
5.729
5.3677
5.0064
4.6452
4.2839
3.9226
3.5613
3.2
2.8387
2.4774
2.1161
1.7548
1.3935
1.0323
0.67097
0.30968
-0.051613
-0.4129
-0.77419
-1.1355
-1.4968
-1.8581
-2.2194
-2.5806
-2.9419
-3.3032
-3.6645
-4.0258
-4.3871
-4.7484
-5.1097
-5.471
-5.8323
-6.1935
-6.5548
-6.9161
-7.2774
-7.6387
-8
-8.3613
-8.7226
-9.0839
-9.4452
-9.8064
-10.168
-10.529
-10.89
-11.252
-11.613
-11.974
-12.335
-12.697
-13.058
-13.419
-13.781
-14.142
-14.503
-14.865
-15.226
-15.587
-15.948
-16.31
-16.671
-13.337
-10.003
-1.8118
-0.99475
-0.20143
0.56786
1.3129
2.0333
2.7289
3.3995
4.0449
4.6648
5.2593
5.828
6.3709
6.8879
7.3789
7.8439
8.2829
8.6957
9.0825
9.4433
9.7781
10.087
10.37
10.628
10.86
11.066
11.248
11.404
11.535
11.643
11.725
11.784
11.819
11.831
11.82
11.786
11.729
11.651
11.552
13.92
13.92
13.92
13.92
13.92
13.92
13.92
13.92
13.92
13.92
13.92
13.92
13.92
13.92
13.92
13.92
13.92
13.92
13.92
13.92
13.92
13.92
13.92
13.92
13.92
13.92
13.92
13.92
13.92
13.92
13.92
13.92
13.92
13.92
13.92
13.92
13.92
13.92
13.92
13.92
13.92
13.92
13.92
13.92
13.92
13.92
13.92
13.92
13.92
13.92
13.92
13.92
13.92
13.92
13.92
13.92
13.92
13.92
13.92
13.92
13.92
13.92
13.92
13.92
13.92
13.92
13.92
13.92
13.92
13.92
13.92
13.92
13.92
13.92
13.92
13.92
13.92
13.92
13.92
13.92
13.92
13.92
13.92
13.92
13.92
13.92
13.92
13.92
13.92
13.92
13.92
13.92
13.92
13.92
13.92
13.92
13.92
13.92
13.92
13.92
13.92
13.92
13.92
13.92
13.92
13.92
13.92
13.92
13.92
13.92
13.92
13.92
13.92
13.92
13.92
13.92
13.92
13.92
13.92
13.92
13.92
13.92
13.92
13.92
13.92
13.92
13.92
13.92
13.92
13.92
13.92
13.92
13.92
13.92
13.92
13.92
13.92
13.92
13.92
13.92
13.92
