15.66
15.66
15.66
15.66
15.66
15.66
15.66
15.66
15.66
15.66
15.66
15.66
15.66
15.66
15.66
15.66
15.66
15.66
15.66
15.66
15.66
14.873
14.087
13.301
12.516
11.732
10.948
10.165
9.3828
8.6013
7.8205
7.0404
6.2611
5.4825
4.7046
3.9274
3.151
2.3753
1.6003
1.6003
1.6003
2.373
3.145
3.9162
4.6867
5.4564
6.2253
6.9935
7.7609
8.5275
9.2933
10.058
10.823
11.586
12.349
13.111
13.872
14.632
15.392
16.15
15.66
15.66
15.66
15.66
15.66
15.66
15.66
15.66
15.66
15.66
15.66
15.66
15.66
15.66
15.66
15.66
15.66
15.66
15.66
15.66
15.66
15.66
15.66
15.66
15.66
15.66
15.66
15.66
15.66
15.66
15.66
15.66
15.66
15.66
15.66
15.66
15.66
15.66
15.66
15.66
15.66
15.66
15.66
15.66
15.66
15.66
15.66
15.66
15.66
15.66
15.66
15.66
15.66
15.66
15.66
15.66
15.66
15.66
15.66
15.66
15.66
15.66
15.66
15.66
15.66
15.66
15.66
15.66
15.66
15.66
15.66
15.66
15.66
15.66
15.66
15.66
15.66
15.66
15.66
15.66
15.66
15.66
15.66
15.66
15.66
15.66
15.66
15.66
15.66
15.66
15.66
15.66
15.66
15.66
15.66
15.66
15.66
15.66
15.66
15.66
15.66
15.66
15.66
15.66
15.66
15.66
15.66
15.66
15.66
15.66
15.66
15.66
15.66
15.66
15.66
15.66
15.66
15.66
15.66
15.66
15.66
15.66
15.66
15.66
15.66
15.66
15.66
15.66
15.66
15.66
15.66
15.66
15.66
15.66
15.66
15.66
15.66
15.66
15.66
15.66
15.66
15.66
15.66
15.66
15.66
15.66
15.66
15.66
15.66
15.66
15.66
15.66
15.66
15.66
15.66
15.66
15.66
15.66
15.66
15.66
15.66
15.66
15.66
15.66
15.66
15.66
15.66
15.66
15.66
15.66
15.66
15.66
15.66
15.66
15.66
15.66
15.66
15.66
15.66
15.66
15.767
15.874
15.98
16.087
16.194
16.3
16.407
16.514
16.62
16.727
16.834
16.94
17.047
17.154
17.261
17.367
17.474
17.581
17.687
17.794
17.901
18.007
18.114
18.221
18.327
18.434
18.541
18.647
18.754
18.861
11.136
12.168
13.224
14.304
15.405
16.528
17.671
18.834
20.016
21.217
22.436
23.672
24.924
26.194
27.479
28.78
30.096
31.427
32.772
34.131
35.504
36.89
38.289
39.702
41.126
42.563
44.012
45.473
46.945
48.429
49.923
51.429
52.945
54.471
56.008
57.555
59.112
60.678
62.254
63.84
65.435
67.038
68.651
70.273
71.903
73.542
75.189
76.844
78.507
80.179
81.858
83.545
85.24
86.942
88.651
90.368
92.092
93.823
95.561
97.307
99.058
100.82
102.58
104.35
106.13
107.92
109.71
111.5
113.31
115.12
116.93
118.75
120.58
122.41
124.25
126.09
127.94
129.8
131.66
133.52
135.39
137.27
139.15
141.03
142.92
144.82
146.72
148.63
150.54
152.45
154.37
152.45
150.54
148.63
146.72
144.82
142.92
141.03
139.15
137.27
135.39
133.52
131.66
129.8
127.94
126.09
124.25
122.41
120.58
118.75
116.93
115.12
113.31
111.5
109.71
107.92
106.13
104.35
102.58
100.82
99.058
97.307
95.561
93.823
92.092
90.368
88.651
86.942
85.24
83.545
81.858
80.179
78.507
76.844
75.189
73.542
71.903
70.273
68.651
67.038
65.435
63.84
62.254
60.678
59.112
57.555
56.008
54.471
52.945
51.429
49.923
48.429
46.945
45.473
44.012
42.563
41.126
39.702
38.289
36.89
35.504
34.131
32.772
31.427
30.096
28.78
27.479
26.194
24.924
23.672
22.436
21.217
20.016
18.834
17.671
16.528
15.405
14.304
13.224
12.168
11.681
11.195
10.708
10.221
9.7346
9.2478
8.7611
8.2744
7.7877
7.3009
6.8142
6.3275
5.8407
5.354
4.8673
4.3806
3.8938
3.4071
2.9204
2.4336
1.9469
1.4602
0.97346
0.48673
-1.4211e-15
-0.48673
-0.97346
-1.4602
-1.9469
-2.4336
-2.9204
-3.4071
-3.8938
-4.3806
-4.8673
-5.354
-5.8407
-6.3275
-6.8142
-7.3009
-7.7877
-8.2744
-8.7611
-9.2478
-9.7346
-10.221
-10.708
-11.195
-11.681
-12.168
-12.655
-13.142
-13.628
-14.115
-14.602
-15.089
-15.575
-16.062
-16.549
-17.036
-17.522
-18.009
-18.496
-18.982
-19.469
-19.956
-20.443
-20.929
-21.416
-21.903
-22.39
-22.876
-23.363
-23.85
-24.336
-24.823
-25.31
-25.797
-26.283
-26.77
-27.257
-27.744
-28.23
-28.717
-29.204
-29.69
-30.177
-30.664
-31.151
-31.637
-34.355
-33.909
-33.463
-33.016
-32.57
-32.124
-31.678
-31.232
-30.786
-30.339
-29.893
-29.447
-29.001
-28.555
-28.109
-27.662
-27.216
-26.77
-26.324
-25.878
-25.432
-24.985
-24.539
-24.093
-23.647
-23.201
-22.755
-22.308
-21.862
-21.416
-20.97
-20.524
-20.078
-19.631
-19.185
-18.739
-18.293
-17.847
-17.401
-16.954
-16.508
-16.062
-15.616
-15.17
-14.724
-14.277
-13.831
-13.385
-12.939
-12.493
-12.047
-11.6
-11.154
-10.708
-10.262
-9.8157
-9.3695
-8.9234
-8.4772
-8.031
-7.5849
-7.1387
-6.6925
-6.2464
-5.8002
-5.354
-4.9078
-4.4617
-4.0155
-3.5693
-3.1232
-2.677
-2.2308
-1.7847
-1.3385
-0.89234
-0.44617
0
0.44617
0.89234
13.92
13.92
13.92
13.92
13.92
13.92
13.92
13.92
13.92
13.92
13.92
13.92
13.92
13.92
13.92
13.92
13.92
13.92
13.92
13.92
13.92
13.92
13.92
13.92
13.92
13.92
13.92
13.92
13.92
13.92
13.92
13.92
13.92
13.92
13.92
13.92
13.92
13.92
13.92
13.92
13.92
13.92
13.92
13.92
13.92
13.92
13.92
13.92
13.92
13.92
13.92
13.92
13.92
13.92
13.92
13.92
13.92
13.92
13.92
13.92
13.92
13.92
13.92
13.92
13.92
13.92
13.92
13.92
13.92
13.92
13.92
13.92
13.92
13.92
13.92
13.92
13.92
13.92
13.92
13.92
13.92
13.92
13.92
13.92
13.92
13.92
13.92
13.92
13.92
13.92
13.92
13.92
13.92
13.92
13.92
13.92
13.92
13.92
13.92
13.92
13.92
