15.648
15.648
15.648
15.648
15.648
15.648
15.648
15.648
15.648
15.648
15.648
15.648
15.648
15.648
15.648
15.648
15.648
15.648
15.648
15.648
15.648
14.624
13.602
12.58
11.559
10.539
9.5203
8.5022
7.4849
6.4685
5.453
4.4384
3.4247
2.4119
1.4
0.38906
-0.62101
-1.6302
-2.6384
-3.6457
-4.6521
-5.6575
-6.662
-7.6655
-8.6681
-9.6698
-10.67
-11.67
-12.669
-10.953
-10.953
-10.953
-10.953
-10.953
-10.953
-10.953
-10.953
-10.953
-10.953
-10.953
-10.953
-10.953
-10.953
-10.953
-10.953
-10.953
-10.953
-10.953
-10.953
-10.953
-10.953
-10.953
-10.953
-10.953
-10.953
-10.953
-10.953
-10.953
-10.953
-10.953
-10.953
-10.953
-10.953
-10.953
-10.953
-10.953
-10.953
-10.953
-10.953
-10.953
-10.953
-10.953
-10.953
-10.953
-10.953
-10.953
-10.953
-10.953
-10.953
-10.953
-10.953
-10.953
-10.953
-10.953
-10.953
-10.953
-10.953
-10.953
-10.953
-10.953
-10.953
-10.953
-10.953
-10.953
-10.953
-10.953
-10.953
-10.953
-10.953
-10.953
-10.953
-10.953
-10.953
-10.953
-10.953
-10.953
-10.953
-10.953
-10.953
-10.953
-10.953
-10.953
-10.953
-10.953
-10.953
-10.953
-10.953
-10.953
-10.953
-10.953
-10.953
-10.953
-10.953
-10.953
-10.953
-10.953
-10.953
-10.953
-10.953
-10.953
-10.953
-10.953
-10.953
-10.953
-10.953
-10.953
-10.953
-10.953
-10.953
-10.953
-10.953
-10.953
-10.953
-10.953
-10.953
-10.953
-10.953
-10.953
-10.953
-10.953
-10.953
-10.953
-10.953
-10.953
-10.953
-10.953
-10.953
-10.953
-10.953
-10.953
-10.679
-10.406
-10.132
-9.858
-9.5841
-9.3103
-9.0365
-8.7626
-8.4888
-8.215
-7.9411
-7.6673
-7.3935
-7.1196
-6.8458
-6.572
-6.2981
-6.0243
-5.7505
-5.4766
-5.2028
-4.929
-4.6551
-4.3813
-4.1075
-3.8336
-3.5598
-3.286
-3.0122
-2.7383
-2.4645
-2.1907
-1.9168
-1.643
-1.3692
-1.0953
-0.8215
-0.54766
-0.27383
1.2434e-15
0.27383
0.54766
0.8215
1.0953
1.3692
1.643
1.9168
2.1907
2.4645
2.7383
3.0122
3.286
3.5598
3.8336
4.1075
4.3813
4.6551
4.929
5.2028
5.4766
5.7505
6.0243
6.2981
6.572
6.8458
7.1196
7.3935
7.6673
7.9411
8.215
8.4888
8.7626
9.0365
9.3103
9.5841
9.858
10.132
10.406
10.679
10.953
11.227
11.501
11.775
12.049
12.322
12.596
12.87
13.144
13.418
13.692
9.744
10.866
12.02
13.204
14.418
15.659
16.926
18.219
19.536
20.877
22.24
23.625
25.032
26.458
27.905
29.371
30.855
32.358
33.878
35.415
36.969
38.539
40.125
41.727
43.344
44.975
46.621
48.281
49.954
51.641
53.341
55.054
56.78
58.518
60.268
62.03
63.803
65.588
67.384
69.191
71.009
72.837
74.676
76.524
78.383
80.252
82.13
84.018
85.915
87.821
89.736
91.66
93.593
95.534
97.484
99.442
101.41
103.38
105.36
107.35
109.35
111.36
113.37
115.39
117.42
119.45
121.49
123.54
125.59
127.65
129.72
131.8
133.88
135.96
138.06
140.16
142.26
144.37
146.49
148.61
150.74
152.88
155.02
157.16
159.31
161.47
163.63
165.8
167.97
170.15
172.33
170.15
167.97
165.8
163.63
161.47
159.31
157.16
155.02
152.88
150.74
148.61
146.49
144.37
142.26
140.16
138.06
135.96
133.88
131.8
129.72
127.65
125.59
123.54
121.49
119.45
117.42
115.39
113.37
111.36
109.35
107.35
105.36
103.38
101.41
99.442
97.484
95.534
93.593
91.66
89.736
87.821
85.915
84.018
82.13
80.252
78.383
76.524
74.676
72.837
71.009
69.191
67.384
65.588
63.803
62.03
60.268
58.518
56.78
55.054
53.341
51.641
49.954
48.281
46.621
44.975
43.344
41.727
40.125
38.539
36.969
35.415
33.878
32.358
30.855
29.371
27.905
26.458
25.032
23.625
22.24
20.877
19.536
18.219
16.926
15.659
14.418
13.204
12.02
10.866
-23.672
-24.061
-24.449
-24.837
-25.225
-25.613
-26.001
-26.389
-26.777
-27.165
-27.553
-27.941
-28.329
-28.717
-29.105
-29.494
-29.882
-30.27
-30.658
-31.046
-31.434
-31.822
-32.21
-32.598
-32.986
-33.374
-33.762
-34.15
-34.538
-34.927
-35.315
-35.703
-36.091
-36.479
-36.867
-37.255
-37.643
-38.031
-38.419
-38.807
-39.195
-39.583
-39.972
-40.36
-40.748
-41.136
-41.524
-41.912
-42.3
-42.688
-43.076
-43.464
-43.852
-44.24
-44.628
-45.016
-45.405
-45.793
-46.181
-46.569
-46.957
-47.345
-47.733
-48.121
-48.509
-48.897
-49.285
-49.673
-50.061
-50.449
-50.838
-51.226
-51.614
-52.002
-52.39
-52.778
-53.166
-53.554
-53.942
-54.33
-54.718
-55.106
-55.494
-55.883
-56.271
-56.659
-57.047
-57.435
-57.823
-57.952
-57.141
-56.327
-55.511
-54.693
-53.874
-53.052
-52.228
-51.403
-50.575
-49.746
-48.914
-48.081
-47.246
-46.408
-45.569
-44.729
-43.886
-43.041
-42.195
-41.347
-40.497
-39.645
-38.792
-37.936
-37.079
-36.221
-35.36
-34.498
-33.634
-32.769
-31.901
-31.032
-30.162
-29.289
-28.415
-27.54
-26.663
-25.784
-24.904
-24.022
13.92
13.92
13.92
13.92
13.92
13.92
13.92
13.92
13.92
13.92
13.92
13.92
13.92
13.92
13.92
13.92
13.92
13.92
13.92
13.92
13.92
13.92
13.92
13.92
13.92
13.92
13.92
13.92
13.92
13.92
13.92
13.92
13.92
13.92
13.92
13.92
13.92
13.92
13.92
13.92
13.92
13.92
13.92
13.92
13.92
13.92
13.92
13.92
13.92
13.92
13.92
13.92
13.92
13.92
13.92
13.92
13.92
13.92
13.92
13.92
13.92
13.92
13.92
13.92
13.92
13.92
13.92
13.92
13.92
13.92
13.92
13.92
13.92
13.92
13.92
13.92
13.92
13.92
13.92
13.92
13.92
13.92
13.92
13.92
13.92
13.92
13.92
13.92
13.92
13.92
13.92
13.92
13.92
13.92
13.92
13.92
13.92
13.92
13.92
13.92
13.92
13.92
13.92
13.92
13.92
13.92
13.92
13.92
13.92
13.92
13.92
13.92
13.92
13.92
13.92
13.92
13.92
13.92
13.92
13.92
13.92
13.92
13.92
13.92
13.92
13.92
13.92
13.92
13.92
13.92
13.92
13.92
13.92
13.92
13.92
13.92
13.92
13.92
13.92
13.92
13.92
