20.777
10.777
20.777
10.777
20.777
10.777
20.777
10.777
15.777
15.777
15.777
14.761
13.745
12.731
11.718
10.705
9.6933
8.6824
7.6725
6.6634
5.6553
4.648
3.6416
2.6362
1.6317
0.62806
-0.37464
-1.3764
-2.3773
-3.3772
-4.3761
-5.3742
-6.3713
-7.3674
-8.3626
-9.3569
-10.35
-11.342
-12.334
-13.324
-14.314
-15.302
-16.289
-17.276
-18.261
-19.246
-20.229
-21.212
-22.193
-16.777
-14.777
-16.777
-14.777
-16.777
-14.777
-16.777
-14.777
-16.777
-14.777
-16.777
-14.777
-16.777
-14.777
-16.777
-14.777
-16.777
-14.777
-16.777
-14.777
-16.777
-14.777
-16.777
-14.777
-16.777
-14.777
-16.777
-14.777
-16.777
-14.777
-16.777
-14.777
-16.777
-14.777
-16.777
-14.777
-16.777
-14.777
-16.777
-14.777
-16.777
-14.777
-16.777
-14.777
-16.777
-14.777
-16.777
-14.777
-16.777
-14.777
-16.777
-14.777
-16.777
-14.777
-16.777
-14.777
-16.777
-14.777
-16.777
-14.777
-16.777
-14.777
-16.777
-14.777
-16.777
-14.777
-16.777
-14.777
-16.777
-14.777
-16.777
-14.777
-16.777
-14.777
-16.777
-14.777
-16.777
-14.777
-16.777
-14.777
-16.777
-14.777
-16.777
-14.777
-16.777
-14.777
-16.777
-14.777
-16.777
-14.777
-16.777
-14.777
-16.777
-14.777
-16.777
-14.777
-16.777
-14.777
-16.777
-14.777
-16.777
-14.777
-16.777
-14.777
-16.777
-14.777
-16.777
-14.777
-16.777
-14.777
-16.777
-14.777
-16.777
-14.777
-16.777
-14.777
-16.777
-14.777
-16.777
-14.777
-16.777
-14.777
-16.777
-14.777
-16.777
-14.777
-16.777
-14.777
-16.777
-14.777
-16.777
-14.777
-16.777
-14.777
-16.777
-14.777
-16.777
-14.777
-16.777
-14.777
-16.777
-14.777
-16.777
-14.777
-16.777
-14.777
-16.777
-14.777
-16.777
-14.777
-16.777
-14.777
-16.777
-14.777
-16.777
-14.777
-16.777
-14.777
-16.777
-14.777
-15.777
-16.584
-16.118
-15.651
-15.185
-14.718
-14.252
-13.785
-13.319
-12.853
-12.386
-11.92
-11.453
-10.987
-10.52
-10.054
-9.5875
-9.1211
-8.6547
-8.1882
-7.7218
-7.2553
-6.7889
-6.3225
-5.856
-5.3896
-4.9232
-4.4567
-3.9903
-3.5238
-3.0574
-2.591
-2.1245
-1.6581
-1.1916
-0.7252
-0.25876
0.20768
0.67412
1.1406
1.607
2.0734
2.5399
3.0063
3.4728
3.9392
4.4056
4.8721
5.3385
5.8049
6.2714
6.7378
7.2043
7.6707
8.1371
8.6036
9.07
9.5365
10.003
10.469
10.936
9.744
10.839
11.964
13.119
14.301
15.51
16.745
18.004
19.286
20.592
21.919
23.268
24.637
26.026
27.434
28.862
30.307
31.77
33.251
34.748
36.261
37.791
39.336
40.897
42.472
44.062
45.666
47.284
48.915
50.56
52.218
53.889
55.572
57.268
58.975
60.695
62.426
64.168
65.922
67.686
69.462
71.247
73.044
74.85
76.667
78.494
80.33
82.176
84.031
85.896
87.769
89.652
91.543
93.444
95.352
97.27
99.195
101.13
103.07
105.02
106.98
108.94
110.92
112.9
114.89
116.88
118.88
120.89
122.91
124.93
126.96
129
131.04
133.09
135.15
137.21
139.28
141.36
143.44
145.53
147.62
149.72
151.83
153.94
156.06
158.18
160.31
162.44
164.58
166.73
168.88
166.73
164.58
162.44
160.31
158.18
156.06
153.94
151.83
149.72
147.62
145.53
143.44
141.36
139.28
137.21
135.15
133.09
131.04
129
126.96
124.93
122.91
120.89
118.88
116.88
114.89
112.9
110.92
108.94
106.98
105.02
103.07
101.13
99.195
97.27
95.352
93.444
91.543
89.652
87.769
85.896
84.031
82.176
80.33
78.494
76.667
74.85
73.044
71.247
69.462
67.686
65.922
64.168
62.426
60.695
58.975
57.268
55.572
53.889
52.218
50.56
48.915
47.284
45.666
44.062
42.472
40.897
39.336
37.791
36.261
34.748
33.251
31.77
30.307
28.862
27.434
26.026
24.637
23.268
21.919
20.592
19.286
18.004
16.745
15.51
14.301
13.119
11.964
10.839
10.586
10.333
10.08
9.8271
9.5742
9.3213
9.0684
8.8155
8.5626
8.3097
8.0568
7.8039
7.551
7.2981
7.0452
6.7923
6.5393
6.2864
6.0335
5.7806
5.5277
5.2748
5.0219
4.769
4.5161
4.2632
4.0103
3.7574
3.5045
3.2516
2.9987
2.7458
2.4929
2.24
1.9871
1.7342
1.4813
1.2284
0.97548
0.72258
0.46968
0.21677
-0.036129
-0.28903
-0.54194
-0.79484
-1.0477
-1.3006
-1.5535
-1.8065
-2.0594
-2.3123
-2.5652
-2.8181
-3.071
-3.3239
-3.5768
-3.8297
-4.0826
-4.3355
-4.5884
-4.8413
-5.0942
-5.3471
-5.6
-5.8529
-6.1058
-6.3587
-6.6116
-6.8645
-7.1174
-7.3703
-7.6232
-7.8761
-8.129
-8.3819
-8.6348
-8.8877
-9.1406
-9.3935
-9.6464
-9.8993
-10.152
-10.405
-10.658
-10.911
-11.164
-11.417
-11.67
0
-7.2085
-6.4149
-5.6193
-4.8217
-4.0221
-3.2206
-2.4171
-1.6116
-0.80421
0.0051146
0.81635
1.6295
2.4445
3.2614
4.0802
4.9008
5.7233
6.5476
7.3737
8.2016
9.0313
9.8628
10.696
11.531
12.368
13.206
14.047
14.889
15.732
16.578
17.425
18.274
19.124
19.976
20.83
21.685
22.542
23.401
24.261
25.123
18.92
8.92
18.92
8.92
18.92
8.92
18.92
8.92
18.92
8.92
18.92
8.92
18.92
8.92
18.92
8.92
18.92
8.92
18.92
8.92
18.92
8.92
18.92
8.92
18.92
8.92
18.92
8.92
18.92
8.92
18.92
8.92
18.92
8.92
18.92
8.92
18.92
8.92
18.92
8.92
18.92
8.92
18.92
8.92
18.92
8.92
18.92
8.92
18.92
8.92
18.92
8.92
18.92
8.92
18.92
8.92
18.92
8.92
18.92
8.92
18.92
8.92
18.92
8.92
18.92
8.92
18.92
8.92
18.92
8.92
18.92
8.92
18.92
8.92
18.92
8.92
18.92
8.92
18.92
8.92
18.92
8.92
18.92
8.92
18.92
8.92
18.92
8.92
18.92
8.92
18.92
8.92
18.92
8.92
18.92
8.92
18.92
8.92
18.92
8.92
18.92
8.92
18.92
8.92
18.92
8.92
18.92
8.92
18.92
8.92
18.92
8.92
18.92
8.92
18.92
8.92
18.92
8.92
18.92
8.92
18.92
8.92
18.92
8.92
18.92
8.92
18.92
8.92
18.92
8.92
18.92
8.92
18.92
8.92
18.92
8.92
18.92
8.92
18.92
8.92
18.92
