20.821
10.821
20.821
10.821
20.821
10.821
20.821
10.821
15.821
15.821
15.821
14.757
13.693
12.63
11.568
10.507
9.4463
8.3871
7.3287
6.2713
5.2149
4.1594
3.1048
2.0512
0.99854
-0.05315
-1.1039
-2.1536
-3.2024
-4.2502
-5.2971
-6.3429
-7.3878
-8.4316
-9.4745
-10.516
-11.557
-12.597
-13.636
-14.674
-15.71
-16.746
-17.781
-18.815
-19.847
-20.879
-21.909
-22.939
-23.967
-16.821
-14.821
-16.821
-14.821
-16.821
-14.821
-16.821
-14.821
-16.821
-14.821
-16.821
-14.821
-16.821
-14.821
-16.821
-14.821
-16.821
-14.821
-16.821
-14.821
-16.821
-14.821
-16.821
-14.821
-16.821
-14.821
-16.821
-14.821
-16.821
-14.821
-16.821
-14.821
-16.821
-14.821
-16.821
-14.821
-16.821
-14.821
-16.821
-14.821
-16.821
-14.821
-16.821
-14.821
-16.821
-14.821
-16.821
-14.821
-16.821
-14.821
-16.821
-14.821
-16.821
-14.821
-16.821
-14.821
-16.821
-14.821
-16.821
-14.821
-16.821
-14.821
-16.821
-14.821
-16.821
-14.821
-16.821
-14.821
-16.821
-14.821
-16.821
-14.821
-16.821
-14.821
-16.821
-14.821
-16.821
-14.821
-16.821
-14.821
-16.821
-14.821
-16.821
-14.821
-16.821
-14.821
-16.821
-14.821
-16.821
-14.821
-16.821
-14.821
-16.821
-14.821
-16.821
-14.821
-16.821
-14.821
-16.821
-14.821
-16.821
-14.821
-16.821
-14.821
-16.821
-14.821
-16.821
-14.821
-16.821
-14.821
-16.821
-14.821
-16.821
-14.821
-16.821
-14.821
-16.821
-14.821
-16.821
-14.821
-16.821
-14.821
-16.821
-14.821
-16.821
-14.821
-16.821
-14.821
-16.821
-14.821
-16.821
-14.821
-16.821
-14.821
-16.821
-14.821
-16.821
-14.821
-16.821
-14.821
-16.821
-14.821
-16.821
-14.821
-16.821
-14.821
-16.821
-14.821
-16.821
-14.821
-16.821
-14.821
-16.821
-14.821
-16.821
-14.821
-16.821
-14.821
-16.821
-14.821
-15.821
-17.466
-17.027
-16.588
-16.149
-15.71
-15.271
-14.832
-14.393
-13.954
-13.515
-13.076
-12.637
-12.198
-11.759
-11.32
-10.881
-10.442
-10.003
-9.5642
-9.1252
-8.6863
-8.2473
-7.8083
-7.3693
-6.9303
-6.4913
-6.0523
-5.6133
-5.1743
-4.7353
-4.2963
-3.8573
-3.4183
-2.9793
-2.5403
-2.1014
-1.6624
-1.2234
-0.78437
-0.34538
0.093613
0.53261
0.9716
1.4106
1.8496
2.2886
2.7276
3.1666
3.6056
4.0446
4.4835
4.9225
5.3615
5.8005
6.2395
6.6785
7.1175
7.5565
7.9955
8.4345
9.744
10.88
12.049
13.249
14.479
15.737
17.023
18.335
19.672
21.033
22.418
23.825
25.254
26.705
28.176
29.667
31.177
32.706
34.253
35.818
37.401
39
40.616
42.248
43.896
45.559
47.238
48.93
50.638
52.359
54.094
55.843
57.605
59.38
61.168
62.968
64.78
66.605
68.441
70.289
72.148
74.018
75.899
77.791
79.694
81.607
83.531
85.464
87.407
89.361
91.323
93.296
95.277
97.268
99.268
101.28
103.29
105.32
107.35
109.4
111.45
113.51
115.57
117.65
119.73
121.82
123.92
126.03
128.14
130.26
132.39
134.52
136.66
138.81
140.97
143.13
145.3
147.47
149.65
151.84
154.04
156.24
158.44
160.66
162.87
165.1
167.33
169.57
171.81
174.05
176.31
174.05
171.81
169.57
167.33
165.1
162.87
160.66
158.44
156.24
154.04
151.84
149.65
147.47
145.3
143.13
140.97
138.81
136.66
134.52
132.39
130.26
128.14
126.03
123.92
121.82
119.73
117.65
115.57
113.51
111.45
109.4
107.35
105.32
103.29
101.28
99.268
97.268
95.277
93.296
91.323
89.361
87.407
85.464
83.531
81.607
79.694
77.791
75.899
74.018
72.148
70.289
68.441
66.605
64.78
62.968
61.168
59.38
57.605
55.843
54.094
52.359
50.638
48.93
47.238
45.559
43.896
42.248
40.616
39
37.401
35.818
34.253
32.706
31.177
29.667
28.176
26.705
25.254
23.825
22.418
21.033
19.672
18.335
17.023
15.737
14.479
13.249
12.049
10.88
10.626
10.372
10.118
9.8644
9.6105
9.3567
9.1028
8.849
8.5951
8.3412
8.0874
7.8335
7.5796
7.3258
7.0719
6.818
6.5642
6.3103
6.0565
5.8026
5.5487
5.2949
5.041
4.7871
4.5333
4.2794
4.0255
3.7717
3.5178
3.264
3.0101
2.7562
2.5024
2.2485
1.9946
1.7408
1.4869
1.2331
0.97919
0.72532
0.47146
0.2176
-0.036266
-0.29013
-0.54399
-0.79786
-1.0517
-1.3056
-1.5594
-1.8133
-2.0672
-2.321
-2.5749
-2.8288
-3.0826
-3.3365
-3.5904
-3.8442
-4.0981
-4.3519
-4.6058
-4.8597
-5.1135
-5.3674
-5.6213
-5.8751
-6.129
-6.3828
-6.6367
-6.8906
-7.1444
-7.3983
-7.6522
-7.906
-8.1599
-8.4138
-8.6676
-8.9215
-9.1753
-9.4292
-9.6831
-9.9369
-10.191
-10.445
-10.699
-10.952
-11.206
-11.46
-11.714
0
-7.1715
-6.3409
-5.5082
-4.6734
-3.8364
-2.9974
-2.1563
-1.3131
-0.4679
0.37934
1.2286
2.0799
2.9331
3.7884
4.6456
5.5048
6.3659
7.2289
8.0939
8.9607
9.8295
10.7
11.573
12.447
13.323
14.201
15.081
15.963
16.846
17.732
18.619
19.508
20.398
21.291
22.185
23.081
23.978
24.878
25.779
26.681
18.92
8.92
18.92
8.92
18.92
8.92
18.92
8.92
18.92
8.92
18.92
8.92
18.92
8.92
18.92
8.92
18.92
8.92
18.92
8.92
18.92
8.92
18.92
8.92
18.92
8.92
18.92
8.92
18.92
8.92
18.92
8.92
18.92
8.92
18.92
8.92
18.92
8.92
18.92
8.92
18.92
8.92
18.92
8.92
18.92
8.92
18.92
8.92
18.92
8.92
18.92
8.92
18.92
8.92
18.92
8.92
18.92
8.92
18.92
8.92
18.92
8.92
18.92
8.92
18.92
8.92
18.92
8.92
18.92
8.92
18.92
8.92
18.92
8.92
18.92
8.92
18.92
8.92
18.92
8.92
18.92
8.92
18.92
8.92
18.92
8.92
18.92
8.92
18.92
8.92
18.92
8.92
18.92
8.92
18.92
8.92
18.92
8.92
18.92
8.92
18.92
8.92
18.92
8.92
18.92
8.92
18.92
8.92
18.92
8.92
18.92
8.92
18.92
8.92
18.92
8.92
18.92
8.92
18.92
8.92
18.92
8.92
18.92
8.92
18.92
8.92
18.92
8.92
18.92
8.92
18.92
8.92
18.92
8.92
18.92
8.92
18.92
8.92
18.92
8.92
18.92
