15.812
17.768
19.783
21.855
23.98
26.157
28.382
30.654
32.972
35.332
37.735
40.177
42.658
45.177
35.897
31.257
26.617
21.977
17.337
17.337
17.337
16.102
14.869
13.637
12.405
11.175
9.946
8.718
7.4912
6.2655
5.041
3.8176
2.5954
1.3743
0.15437
-1.0644
-2.282
-3.4984
-4.7136
-5.9276
-7.1405
-8.3521
-9.5626
-10.772
-11.98
-13.187
-14.392
-15.597
-16.8
-11.069
-11.069
-11.069
-11.069
-11.069
-11.069
-11.069
-11.069
-11.069
-11.069
-11.069
-11.069
-11.069
-11.069
-11.069
-11.069
-11.069
-11.069
-11.069
-11.069
-11.069
-11.069
-11.069
-11.069
-11.069
-11.069
-11.069
-11.069
-11.069
-11.069
-11.069
-11.069
-11.069
-11.069
-11.069
-11.069
-11.069
-11.069
-11.069
-11.069
-11.069
-11.069
-11.069
-11.069
-11.069
-11.069
-11.069
-11.069
-11.069
-11.069
-11.069
-11.069
-11.069
-11.069
-11.069
-11.069
-11.069
-11.069
-11.069
-11.069
-11.069
-11.069
-11.069
-11.069
-11.069
-11.069
-11.069
-11.069
-11.069
-11.069
-11.069
-11.069
-11.069
-11.069
-11.069
-11.069
-11.069
-11.069
-11.069
-11.069
-11.069
-11.069
-11.069
-11.069
-11.069
-11.069
-11.069
-11.069
-11.069
-11.069
-11.069
-11.069
-11.069
-11.069
-11.069
-11.069
-11.069
-11.069
-11.069
-11.069
-11.069
-11.069
-11.069
-11.069
-11.069
-11.069
-11.069
-11.069
-11.069
-11.069
-11.069
-11.069
-11.069
-11.069
-11.069
-11.069
-11.069
-11.069
-11.069
-11.069
-11.069
-11.069
-11.069
-11.069
-11.069
-11.069
-11.069
-11.069
-11.069
-11.069
-11.069
-10.765
-10.462
-10.158
-9.8549
-9.5515
-9.2481
-8.9447
-8.6413
-8.3379
-8.0345
-7.7311
-7.4277
-7.1243
-6.8209
-6.5175
-6.2141
-5.9107
-5.6073
-5.3039
-5.0005
-4.6971
-4.3937
-4.0903
-3.7869
-3.4835
-3.1801
-2.8767
-2.5733
-2.27
-1.9666
-1.6632
-1.3598
-1.0564
-0.75295
-0.44956
-0.14616
0.15724
0.46064
0.76404
1.0674
1.3708
1.6742
1.9776
2.281
2.5844
2.8878
3.1912
3.4946
3.798
4.1014
4.4048
4.7082
5.0116
5.315
5.6184
5.9218
6.2252
6.5286
6.832
7.1354
7.4388
7.7422
8.0456
8.349
8.6524
8.9558
9.2592
9.5626
9.866
10.169
10.473
10.776
11.08
11.383
11.686
11.99
12.293
12.597
12.9
13.203
13.507
13.81
14.114
14.417
14.72
15.024
15.327
15.631
15.934
16.237
9.744
11.031
12.36
13.729
15.135
16.577
18.053
19.562
21.102
22.672
24.271
25.897
27.551
29.231
30.935
32.664
34.417
36.192
37.99
39.81
41.65
43.511
45.392
47.292
49.212
51.15
53.106
55.08
57.071
59.079
61.103
63.144
65.2
67.272
69.36
71.462
73.578
75.71
77.855
80.014
82.186
84.372
86.571
88.782
91.006
93.243
95.492
97.752
100.02
102.31
104.6
106.91
109.23
111.56
113.89
116.24
118.6
120.97
123.35
125.74
128.14
130.55
132.97
135.4
137.83
140.28
142.73
145.2
147.67
150.15
152.64
155.14
157.64
160.16
162.68
165.21
167.74
170.29
172.84
175.4
177.97
180.54
183.12
185.71
188.3
190.91
193.51
196.13
198.75
201.38
204.01
201.38
198.75
196.13
193.51
190.91
188.3
185.71
183.12
180.54
177.97
175.4
172.84
170.29
167.74
165.21
162.68
160.16
157.64
155.14
152.64
150.15
147.67
145.2
142.73
140.28
137.83
135.4
132.97
130.55
128.14
125.74
123.35
120.97
118.6
116.24
113.89
111.56
109.23
106.91
104.6
102.31
100.02
97.752
95.492
93.243
91.006
88.782
86.571
84.372
82.186
80.014
77.855
75.71
73.578
71.462
69.36
67.272
65.2
63.144
61.103
59.079
57.071
55.08
53.106
51.15
49.212
47.292
45.392
43.511
41.65
39.81
37.99
36.192
34.417
32.664
30.935
29.231
27.551
25.897
24.271
22.672
21.102
19.562
18.053
16.577
15.135
13.729
12.36
11.031
10.774
10.516
10.259
10.002
9.7442
9.4868
9.2294
8.972
8.7146
8.4572
8.1998
7.9424
7.685
7.4276
7.1702
6.9128
6.6554
6.3981
6.1407
5.8833
5.6259
5.3685
5.1111
4.8537
4.5963
4.3389
4.0815
3.8241
3.5667
3.3093
3.0519
2.7946
2.5372
2.2798
2.0224
1.765
1.5076
1.2502
0.9928
0.73541
0.47802
0.22062
-0.03677
-0.29416
-0.55156
-0.80895
-1.0663
-1.3237
-1.5811
-1.8385
-2.0959
-2.3533
-2.6107
-2.8681
-3.1255
-3.3829
-3.6403
-3.8977
-4.1551
-4.4124
-4.6698
-4.9272
-5.1846
-5.442
-5.6994
-5.9568
-6.2142
-6.4716
-6.729
-6.9864
-7.2438
-7.5012
-7.7586
-8.0159
-8.2733
-8.5307
-8.7881
-9.0455
-9.3029
-9.5603
-9.8177
-10.075
-10.332
-10.59
-10.847
-11.105
-11.362
-11.619
-11.877
0
-9.0334
-8.0642
-7.0924
-6.1181
-5.1413
-4.162
-3.1803
-2.196
-1.2093
-0.22021
0.77132
1.7653
2.7616
3.7602
4.7613
5.7646
6.7703
7.7783
8.7885
9.8011
10.816
11.833
12.852
13.874
14.897
15.923
16.951
17.982
19.014
20.048
21.085
22.124
23.165
24.208
25.253
26.3
27.349
28.4
29.453
30.508
13.92
13.92
13.92
13.92
13.92
13.92
13.92
13.92
13.92
13.92
13.92
13.92
13.92
13.92
13.92
13.92
13.92
13.92
13.92
13.92
13.92
13.92
13.92
13.92
13.92
13.92
13.92
13.92
13.92
13.92
13.92
13.92
13.92
13.92
13.92
13.92
13.92
13.92
13.92
13.92
13.92
13.92
13.92
13.92
13.92
13.92
13.92
13.92
13.92
13.92
13.92
13.92
13.92
13.92
13.92
13.92
13.92
13.92
13.92
13.92
13.92
13.92
13.92
13.92
13.92
13.92
13.92
13.92
13.92
13.92
13.92
13.92
13.92
13.92
13.92
13.92
13.92
13.92
13.92
13.92
13.92
13.92
13.92
13.92
13.92
13.92
13.92
13.92
13.92
13.92
13.92
13.92
13.92
13.92
13.92
13.92
13.92
13.92
13.92
13.92
13.92
13.92
13.92
13.92
13.92
13.92
13.92
13.92
13.92
13.92
13.92
13.92
13.92
13.92
13.92
13.92
13.92
13.92
13.92
13.92
13.92
13.92
13.92
13.92
13.92
13.92
13.92
13.92
13.92
13.92
13.92
13.92
13.92
13.92
13.92
18.162
18.162
18.162
18.162
18.162
18.162
