320
320
320
320
320
320
320
320
320
320
320
320
320
320
320
320
320
320
320
320
320
320
320
320
320
320
320
320
320
320
320
320
320
320
320
320
320
320
320
320
320
320
320
320
320
320
320
320
320
320
320
320
320
320
320
320
320
320
320
320
320
320
320
320
320
320
320
320
320
320
320
320
320
320
320
320
320
320
320
320
320
320
320
320
320
320
320
320
320
320
320
320
320
320
320
320
320
320
320
320
320
320
320
320
320
320
320
320
320
320
320
320
320
320
320
320
320
320
320
320
320
320
320
320
320
320
320
320
320
320
320
320
320
320
320
320
320
320
320
320
320
320
320
320
320
320
320
320
320
320
320
320
320
320
320
320
320
320
320
320
320
320
320
320
320
320
320
320
320
320
320
320
320
320
320
320
320
320
320
320
320
320
320
320
320
320
320
320
320
320
320
320
320
320
320
320
320
320
320
320
320
320
320
320
320
320
320
320
320
320
320
320
320
320
320
320
320
320
320
320
320
320
320
320
320
320
320
320
320
320
320
320
320
320
320
320
320
320
320
320
320
320
320
320
320
320
320
320
320
320
320
320
320
320
320
320
320
320
320
320
320
320
320
320
320
320
320
320
320
320
320
320
320
320
320
320
320
320
320
320
320
320
320
320
320
320
320
320
320
320
320
320
320
320
320
320
320
320
320
320
320
320
320
320
320
320
320
320
320
320
320
320
320
320
320
320
320
320
320
320
320
320
320
320
320.7
321.67
322.65
323.63
324.62
325.61
326.6
327.6
328.6
329.61
330.62
331.63
332.65
333.67
334.69
335.72
336.75
337.78
338.82
339.86
340.91
341.95
343
344.06
345.11
346.17
347.24
348.3
349.37
350.44
351.51
352.59
353.67
354.75
355.84
356.92
358.01
356.92
355.84
354.75
353.67
352.59
351.51
350.44
349.37
348.3
347.24
346.17
345.11
344.06
343
341.95
340.91
339.86
338.82
337.78
336.75
335.72
334.69
333.67
332.65
331.63
330.62
329.61
328.6
327.6
326.6
325.61
324.62
323.63
322.65
321.67
320.7
320
320
320
320
320
320
320
320
320
320
320
320
320
320
320
320
320
320
320
320
320
320
320
320
320
320
320
320
320
320
320
320
320
320
320
320
320
320
320
320
320
320
320
320
320
320
320
320
320
320
320
320
320
320
320
320
320
320
320
320
320
320
320
320
320
320
320
320
320
320
320
320
320
320
320
320
320
320
320
320
320
320
320
320
320
320
320
320
320
320
320
320
320
320
320
320
320
320
320
320
320
320
320
320
320
320
320
320
320
320
320
320
320
320
320
320
320
320
320
320
320
320
320
320
320
320
320
320
320
320
320
320
320
320
320
320
320
320
320
320
320
320
320
320
320
320
320
320
320
320
320
320
320
320
320
320
320
320
320
320
320
320
320
320
320
320
320
320
320
320
320
320
320
320
320
320
320
320
320
320
320
320
320
320
320
320
320
320
320
320
320
320
320
320
320
320
320
320
320
320
320
320
320
320
320
320
320
320
320
320
320
320
320
320
320
320
320
320
320
320
320
320
320
320
320
320
320
320
320
320
320
320
320
320
320
320
320
320
320
320
320
320
320.35
321.24
322.14
323.04
323.95
324.86
325.77
326.68
327.6
328.52
329.45
330.38
331.31
332.24
333.18
334.12
335.06
336
336.95
337.9
338.86
339.81
340.77
341.73
342.7
343.66
344.63
345.6
346.58
347.55
348.53
349.51
348.53
347.55
346.58
345.6
344.63
343.66
342.7
341.73
340.77
339.81
338.86
337.9
336.95
336
335.06
334.12
333.18
332.24
331.31
330.38
329.45
328.52
327.6
326.68
325.77
324.86
323.95
323.04
322.14
321.24
320.35
320
320
320
320
320
320
320
320
320
320
320
320
320
320
320
320
320
320
320
