320
320
320
320
320
320
320
320
320
320
320
320
320
320
320
320
320
320
320
320
320
320
320
320
320
320
320
320
320
320
320
320
320
320
320
320
320
320
320
320
320
320
320
320
320
320
320
320
320
320
320
320
320
320
320
320
320
320
320
320
320
320
320
320
320
320
320
320
320
320
320
320
320
320
320
320
320
320
320
320
320
320
320
320
320
320
320
320
320
320
320
320
320
320
320
320
320
320
320
320
320
320
320
320
320
320
320
320
320
320
320
320
320
320
320
320
320
320
320
320
320
320
320
320
320
320
320
320
320
320
320
320
320
320
320
320
320
320
320
320
320
320
320
320
320
320
320
320
320
320
320
320
320
320
320
320
320
320
320
320
320
320
320
320
320
320
320
320
320
320
320
320
320
320
320
320
320
320
320
320
320
320
320
320
320
320
320
320
320
320
320
320
320
320
320
320
320
320
320
320
320
320
320
320
320
320
320
320
320
320
320
320
320
320
320
320
320
320
320
320
320
320
320
320
320
320
320
320
320
320
320
320
320
320
320
320
320
320
320
320
320
320
320
320
320
320
320
320
320
320
320
320
320
320
320
320
320
320
320
320
320
320
320
320
320
320
320
320
320
320
320
320
320
320
320
320
320
320
320
320
320
320
320
320
320
322.14
324.6
327.09
329.61
332.16
334.74
337.34
339.97
342.63
345.31
348.02
350.75
353.5
356.28
359.08
361.91
364.75
367.62
370.5
373.41
376.34
379.29
382.25
385.24
388.24
391.26
394.31
397.36
400.44
403.53
406.64
409.77
412.91
416.07
419.25
422.44
425.64
428.86
432.1
435.35
438.61
441.89
445.18
448.49
451.81
455.14
458.49
461.85
465.22
468.6
472
475.41
478.83
482.26
485.71
489.17
492.63
496.11
499.6
503.11
506.62
510.14
513.68
517.22
520.78
524.34
527.92
531.5
535.1
538.7
542.31
545.94
549.57
553.21
556.87
560.53
556.87
553.21
549.57
545.94
542.31
538.7
535.1
531.5
527.92
524.34
520.78
517.22
513.68
510.14
506.62
503.11
499.6
496.11
492.63
489.17
485.71
482.26
478.83
475.41
472
468.6
465.22
461.85
458.49
455.14
451.81
448.49
445.18
441.89
438.61
435.35
432.1
428.86
425.64
422.44
419.25
416.07
412.91
409.77
406.64
403.53
400.44
397.36
394.31
391.26
388.24
385.24
382.25
379.29
376.34
373.41
370.5
367.62
364.75
361.91
359.08
356.28
353.5
350.75
348.02
345.31
342.63
339.97
337.34
334.74
332.16
329.61
327.09
324.6
322.14
320
320
320
320
320
320
320
320
320
320
320
320
320
320
320
320
320
320
320
320
320
320
320
320
320
320.45
321.11
321.77
322.43
323.09
323.75
324.41
325.07
325.73
326.38
327.04
327.7
328.36
329.02
329.68
330.34
331
331.66
332.32
332.98
333.63
334.29
334.95
335.61
336.27
336.93
337.59
338.25
338.91
339.57
340.22
340.88
341.54
342.2
342.86
343.52
344.18
344.84
345.5
346.16
346.82
347.47
348.13
348.79
349.45
350.11
350.77
351.43
352.09
352.75
353.41
354.07
354.72
355.38
356.04
356.7
357.36
358.02
358.68
359.34
360
360.66
361.31
361.97
362.63
363.29
363.95
364.61
365.27
365.93
366.59
367.25
367.91
368.56
369.22
369.88
370.54
371.2
371.42
370.07
368.72
367.37
366.01
364.65
363.28
361.92
360.54
359.17
357.79
356.41
355.03
353.64
352.25
350.85
349.46
348.06
346.65
345.25
343.84
342.42
341.01
339.59
338.17
336.74
335.31
333.88
332.45
331.01
329.57
328.13
326.69
325.24
323.79
322.33
320.88
320
320
320
320
320
320
320
320
320
320
320
320
320
320
320
320
320
320
320
320
320
320
320
320
320
320
320
320
320
320
320
320
320
320
320
320
320
320
320
320
320
320
320
320
320
320
320
320
320
320
320
320
320
320
320
320
320
320
320
320
320
320
320
320
320
320
320
320
320
320
320
320
320
320
320
320
320
320
320
320
320
320
320
320
320
320
320
320
320
320
320
320
320
320
320
320
320
320
320
320
320
320
320
320
320
320
320
320
320
320
320
320
320
320
320
320
320
320
320
320
320
320
320
320
320
320
320
320
320
320
320
320
320
320
320
320
320
320
320
320
320
320
320
320
320
