23.529
17.529
23.529
17.529
23.529
17.529
23.529
17.529
23.529
17.529
23.529
17.529
23.529
17.529
23.529
17.529
23.529
17.529
15.529
17.529
17.529
16.554
15.58
14.607
13.635
12.663
11.692
10.722
9.753
8.7847
7.8172
6.8506
5.8848
4.9199
3.9558
2.9926
2.0303
1.0688
0.10824
-0.85148
-1.8103
-2.7683
-3.7253
-4.6815
-5.6367
-6.5911
-7.5446
-10.529
-0.52941
-10.529
-0.52941
-10.529
-0.52941
-10.529
-0.52941
-10.529
-0.52941
-10.529
-0.52941
-10.529
-0.52941
-10.529
-0.52941
-10.529
-0.52941
-10.529
-0.52941
-10.529
-0.52941
-10.529
-0.52941
-10.529
-0.52941
-10.529
-0.52941
-10.529
-0.52941
-10.529
-0.52941
-10.529
-0.52941
-10.529
-0.52941
-10.529
-0.52941
-10.529
-0.52941
-10.529
-0.52941
-10.529
-0.52941
-10.529
-0.52941
-10.529
-0.52941
-10.529
-0.52941
-10.529
-0.52941
-10.529
-0.52941
-10.529
-0.52941
-10.529
-0.52941
-10.529
-0.52941
-10.529
-0.52941
-10.529
-0.52941
-10.529
-0.52941
-10.529
-0.52941
-10.529
-0.52941
-10.529
-0.52941
-10.529
-0.52941
-10.529
-0.52941
-10.529
-0.52941
-10.529
-0.52941
-10.529
-0.52941
-10.529
-0.52941
-10.529
-0.52941
-10.529
-0.52941
-10.529
-0.52941
-10.529
-0.52941
-10.529
-0.52941
-10.529
-0.52941
-10.529
-0.52941
-10.529
-0.52941
-10.529
-0.52941
-10.529
-0.52941
-10.529
-0.52941
-10.529
-0.52941
-10.529
-0.52941
-10.529
-0.52941
-10.529
-0.52941
-10.529
-0.52941
-10.529
-0.52941
-10.529
-0.52941
-10.529
-0.52941
-10.529
-0.52941
-10.529
-0.52941
-10.529
-0.52941
-10.529
-0.52941
-10.529
-0.52941
-10.529
-15.14
-14.75
-14.361
-13.971
-13.582
-13.192
-12.803
-12.413
-12.024
-11.634
-11.244
-10.855
-10.465
-10.076
-9.6863
-9.2967
-8.9072
-8.5176
-8.1281
-7.7386
-7.349
-6.9595
-6.5699
-6.1804
-5.7909
-5.4013
-5.0118
-4.6222
-4.2327
-3.8431
-3.4536
-3.0641
-2.6745
-2.285
-1.8954
-1.5059
-1.1163
-0.7268
-0.33726
0.052287
0.44183
0.83137
1.2209
1.6105
2
2.3895
2.7791
3.1686
3.5582
3.9477
4.3373
4.7268
5.1163
5.5059
5.8954
6.285
6.6745
7.0641
7.4536
7.8431
8.2327
8.6222
9.0118
9.4013
9.7909
10.18
10.57
10.959
11.349
11.739
12.128
12.518
12.907
13.297
13.686
14.076
14.465
14.855
15.244
15.634
16.024
16.413
16.803
17.192
17.582
17.971
18.361
18.75
19.14
19.529
11.136
12.371
13.641
14.942
16.275
17.636
19.027
20.444
21.887
23.355
24.848
26.364
27.903
29.464
31.046
32.648
34.271
35.913
37.574
39.253
40.951
42.665
44.397
46.146
47.911
49.691
51.487
53.299
55.125
56.965
58.82
60.689
62.571
64.467
66.375
68.296
70.23
72.177
74.135
76.105
78.086
80.079
82.084
84.099
86.125
88.161
90.208
92.266
94.333
96.41
98.497
100.59
102.7
104.81
106.94
109.07
111.21
113.36
115.52
117.69
119.87
122.05
124.24
126.44
128.65
130.87
133.09
135.32
137.56
139.8
142.05
144.31
146.58
148.85
151.13
153.42
155.71
158.01
160.31
162.63
164.94
167.27
169.6
171.93
174.28
176.62
178.98
181.33
183.7
186.07
188.44
186.07
183.7
181.33
178.98
176.62
174.28
171.93
169.6
167.27
164.94
162.63
160.31
158.01
155.71
153.42
151.13
148.85
146.58
144.31
142.05
139.8
137.56
135.32
133.09
130.87
128.65
126.44
124.24
122.05
119.87
117.69
115.52
113.36
111.21
109.07
106.94
104.81
102.7
100.59
98.497
96.41
94.333
92.266
90.208
88.161
86.125
84.099
82.084
80.079
78.086
76.105
74.135
72.177
70.23
68.296
66.375
64.467
62.571
60.689
58.82
56.965
55.125
53.299
51.487
49.691
47.911
46.146
44.397
42.665
40.951
39.253
37.574
35.913
34.271
32.648
31.046
29.464
27.903
26.364
24.848
23.355
21.887
20.444
19.027
17.636
16.275
14.942
13.641
12.371
10.492
10.159
9.8257
9.4926
9.1595
8.8265
8.4934
8.1603
7.8272
7.4942
7.1611
6.828
6.4949
6.1619
5.8288
5.4957
5.1626
4.8296
4.4965
4.1634
3.8303
3.4973
3.1642
2.8311
2.4981
2.165
1.8319
1.4988
1.1658
0.83268
0.49961
0.16654
-0.16654
-0.49961
-0.83268
-1.1658
-1.4988
-1.8319
-2.165
-2.4981
-2.8311
-3.1642
-3.4973
-3.8303
-4.1634
-4.4965
-4.8296
-5.1626
-5.4957
-5.8288
-6.1619
-6.4949
-6.828
-7.1611
-7.4942
-7.8272
-8.1603
-8.4934
-8.8265
-9.1595
-9.4926
-9.8257
-10.159
-10.492
-10.825
-11.158
-11.491
-11.824
-12.157
-12.49
-12.823
-13.156
-13.489
-13.823
-14.156
-14.489
-14.822
-15.155
-15.488
-15.821
-16.154
-16.487
-16.82
-17.153
-17.486
-17.819
-18.153
-18.486
-18.819
0
-7.2252
-6.4486
-5.67
-4.8895
-4.1071
-3.3228
-2.5367
-1.7487
-0.9589
-0.16727
0.62617
1.4214
2.2184
3.0172
3.8178
4.6201
5.4242
6.23
7.0375
7.8467
8.6576
9.4702
10.284
11.1
11.918
12.737
13.558
14.381
15.205
16.03
16.858
17.686
18.517
19.349
20.182
21.018
21.854
22.692
23.532
24.373
30.529
17.529
30.529
17.529
30.529
17.529
30.529
17.529
30.529
17.529
30.529
17.529
30.529
17.529
30.529
17.529
30.529
17.529
30.529
17.529
30.529
17.529
30.529
17.529
30.529
17.529
30.529
17.529
30.529
17.529
30.529
17.529
30.529
17.529
30.529
17.529
30.529
17.529
30.529
17.529
30.529
17.529
30.529
17.529
30.529
17.529
30.529
17.529
30.529
17.529
30.529
17.529
30.529
17.529
30.529
17.529
30.529
17.529
30.529
17.529
30.529
17.529
30.529
17.529
30.529
17.529
30.529
17.529
30.529
17.529
30.529
17.529
30.529
17.529
30.529
17.529
30.529
17.529
30.529
17.529
30.529
17.529
30.529
17.529
30.529
17.529
30.529
17.529
30.529
17.529
30.529
17.529
30.529
17.529
30.529
17.529
30.529
17.529
30.529
17.529
30.529
17.529
30.529
17.529
30.529
17.529
30.529
17.529
30.529
17.529
30.529
17.529
30.529
17.529
30.529
17.529
30.529
17.529
30.529
17.529
30.529
17.529
30.529
17.529
30.529
17.529
30.529
17.529
30.529
17.529
30.529
17.529
30.529
17.529
30.529
17.529
30.529
17.529
30.529
17.529
15.529
