13.92
13.92
13.92
13.92
13.92
13.92
13.92
13.92
13.92
13.92
13.92
13.92
13.92
13.92
13.92
13.92
13.92
13.92
13.92
13.92
12.912
11.905
10.898
9.8928
8.8883
7.8846
6.8819
5.8802
4.8793
3.8794
2.8804
1.8824
0.88531
-0.11084
-1.106
-2.1003
-3.0936
-4.0859
-5.0772
-6.0676
-13.92
-13.92
-13.92
-13.92
-13.92
-13.92
-13.92
-13.92
-13.92
-13.92
-13.92
-13.92
-13.92
-13.92
-13.92
-13.92
-13.92
-13.92
-13.92
-13.92
-13.92
-13.92
-13.92
-13.92
-13.92
-13.92
-13.92
-13.92
-13.92
-13.92
-13.92
-13.92
-13.92
-13.92
-13.92
-13.92
-13.92
-13.92
-13.92
-13.92
-13.92
-13.92
-13.92
-13.92
-13.92
-13.92
-13.92
-13.92
-13.92
-13.92
-13.92
-13.92
-13.92
-13.92
-13.92
-13.92
-13.92
-13.92
-13.92
-13.92
-13.92
-13.92
-13.92
-13.92
-13.92
-13.92
-13.92
-13.92
-13.92
-13.92
-13.92
-13.92
-13.92
-13.92
-13.92
-13.92
-13.92
-13.92
-13.92
-13.92
-13.92
-13.92
-13.92
-13.92
-13.92
-13.92
-13.92
-13.92
-13.92
-13.92
-13.92
-13.92
-13.92
-13.92
-13.92
-13.92
-13.92
-13.92
-13.92
-13.92
-13.92
-13.92
-13.92
-13.92
-13.92
-13.92
-13.92
-13.92
-13.92
-13.92
-13.92
-13.92
-13.92
-13.92
-13.92
-13.92
-13.92
-13.92
-13.92
-13.92
-13.92
-13.92
-13.92
-13.92
-13.92
-13.92
-13.92
-13.92
-13.92
-13.92
-13.92
-13.92
-13.92
-13.92
-13.92
-13.92
-13.92
-13.92
-13.92
-13.92
-13.92
-13.92
-13.92
-13.92
-13.92
-13.92
-13.92
-13.92
-13.92
-13.92
-13.92
-13.92
-13.92
-13.92
-13.92
-13.92
-13.92
-13.92
-13.92
-13.92
-13.92
-13.92
-13.92
-13.92
-13.92
-13.92
-13.92
-13.92
-13.92
-13.92
-13.92
-13.92
-13.92
-13.92
-13.92
-13.92
-13.92
-13.92
-13.92
-13.92
-13.92
-13.92
-13.92
-13.92
-13.92
-13.92
-13.92
-13.92
-13.92
-13.92
-13.92
-13.92
-13.92
-13.92
-13.92
-13.92
-13.92
-13.92
-13.92
-13.92
-13.101
-12.282
-11.464
-10.645
-9.8259
-9.0071
-8.1882
-7.3694
-6.5506
-5.7318
-4.9129
-4.0941
-3.2753
-2.4565
-1.6376
-0.81882
0
0.81882
1.6376
2.4565
3.2753
4.0941
4.9129
5.7318
6.5506
7.3694
8.1882
9.0071
9.8259
10.645
13.92
15.484
17.092
18.741
20.43
22.157
23.921
25.719
27.552
29.417
31.313
33.24
35.196
37.18
39.192
41.231
43.296
45.386
47.501
49.64
51.802
53.987
56.195
58.424
60.674
62.945
65.237
67.548
69.879
72.229
74.597
76.984
79.389
81.811
84.25
86.707
89.18
91.669
94.174
96.695
99.231
101.78
104.35
106.93
109.52
112.13
114.76
117.39
120.04
122.71
125.38
128.07
130.78
133.49
136.22
138.96
141.71
144.47
147.24
150.03
152.83
155.63
158.45
161.28
164.12
166.97
169.83
172.7
175.58
178.48
181.38
184.29
187.21
190.13
193.07
196.02
198.98
201.94
204.92
207.9
210.89
213.89
216.9
219.91
222.94
225.97
229.01
232.06
235.12
238.18
241.25
238.18
235.12
232.06
229.01
225.97
222.94
219.91
216.9
213.89
210.89
207.9
204.92
201.94
198.98
196.02
193.07
190.13
187.21
184.29
181.38
178.48
175.58
172.7
169.83
166.97
164.12
161.28
158.45
155.63
152.83
150.03
147.24
144.47
141.71
138.96
136.22
133.49
130.78
128.07
125.38
122.71
120.04
117.39
114.76
112.13
109.52
106.93
104.35
101.78
99.231
96.695
94.174
91.669
89.18
86.707
84.25
81.811
79.389
76.984
74.597
72.229
69.879
67.548
65.237
62.945
60.674
58.424
56.195
53.987
51.802
49.64
47.501
45.386
43.296
41.231
39.192
37.18
35.196
33.24
31.313
29.417
27.552
25.719
23.921
22.157
20.43
18.741
17.092
15.484
14.888
14.293
13.697
13.102
12.506
11.911
11.315
10.72
10.124
9.5285
8.933
8.3375
7.7419
7.1464
6.5509
5.9553
5.3598
4.7643
4.1687
3.5732
2.9777
2.3821
1.7866
1.1911
0.59553
0
-0.59553
-1.1911
-1.7866
-2.3821
-2.9777
-3.5732
-4.1687
-4.7643
-5.3598
-5.9553
-6.5509
-7.1464
-7.7419
-8.3375
-8.933
-9.5285
-10.124
-10.72
-11.315
-11.911
-12.506
-13.102
-13.697
-14.293
-8.6273
-7.8122
-7.0008
-6.1938
-5.3917
-4.595
-3.8043
-3.0202
-2.2431
-1.4736
-0.71232
0.040267
0.7836
1.5171
2.2403
2.9527
3.6536
4.3426
5.0192
5.6828
6.333
6.9692
7.5909
8.1978
8.7892
9.3647
9.9239
10.466
10.992
11.499
11.989
12.46
12.912
13.346
13.759
14.153
14.527
14.88
15.212
15.523
13.92
13.92
13.92
13.92
13.92
13.92
13.92
13.92
13.92
13.92
13.92
13.92
13.92
13.92
13.92
13.92
13.92
13.92
13.92
13.92
13.92
13.92
13.92
13.92
13.92
13.92
13.92
13.92
13.92
13.92
13.92
13.92
13.92
13.92
13.92
13.92
13.92
13.92
13.92
13.92
13.92
13.92
13.92
13.92
13.92
13.92
13.92
13.92
13.92
13.92
13.92
13.92
13.92
13.92
13.92
13.92
13.92
13.92
13.92
13.92
13.92
13.92
13.92
13.92
13.92
13.92
13.92
13.92
13.92
13.92
13.92
13.92
13.92
13.92
13.92
13.92
13.92
13.92
13.92
13.92
13.92
13.92
13.92
13.92
13.92
13.92
13.92
13.92
13.92
13.92
13.92
13.92
13.92
13.92
13.92
13.92
13.92
13.92
13.92
13.92
13.92
13.92
13.92
13.92
13.92
13.92
13.92
13.92
13.92
13.92
13.92
13.92
13.92
13.92
13.92
13.92
13.92
13.92
13.92
13.92
13.92
13.92
13.92
13.92
13.92
13.92
13.92
13.92
13.92
13.92
13.92
13.92
13.92
13.92
13.92
13.92
13.92
13.92
13.92
13.92
13.92
13.92
13.92
13.92
13.92
13.92
13.92
13.92
13.92
13.92
13.92
13.92
13.92
13.92
13.92
13.92
13.92
13.92
13.92
13.92
13.92
13.92
13.92
13.92
13.92
13.92
13.92
13.92
13.92
13.92
13.92
13.92
13.92
13.92
13.92
13.92
13.92
13.92
13.92
13.92
13.92
