15.777
15.777
15.777
15.777
15.777
15.777
15.777
15.777
15.777
15.777
15.777
15.777
15.777
15.777
15.777
15.777
15.777
15.777
15.777
15.777
15.777
14.77
13.763
12.758
11.753
10.75
9.7469
8.7451
7.7443
6.7444
5.7454
4.7473
3.7502
2.7541
1.7589
0.76467
-0.22861
-1.2209
-2.2123
-2.2123
-2.2123
-1.2239
-0.23642
0.75003
1.7355
2.7199
3.7034
4.6859
5.6673
6.6477
7.6271
8.6055
9.5829
10.559
11.535
12.509
13.482
14.454
15.425
16.395
15.777
15.777
15.777
15.777
15.777
15.777
15.777
15.777
15.777
15.777
15.777
15.777
15.777
15.777
15.777
15.777
15.777
15.777
15.777
15.777
15.777
15.777
15.777
15.777
15.777
15.777
15.777
15.777
15.777
15.777
15.777
15.777
15.777
15.777
15.777
15.777
15.777
15.777
15.777
15.777
15.777
15.777
15.777
15.777
15.777
15.777
15.777
15.777
15.777
15.777
15.777
15.777
15.777
15.777
15.777
15.777
15.777
15.777
15.777
15.777
15.777
15.777
15.777
15.777
15.777
15.777
15.777
15.777
15.777
15.777
15.777
15.777
15.777
15.777
15.777
15.777
15.777
15.777
15.777
15.777
15.777
15.777
15.777
15.777
15.777
15.777
15.777
15.777
15.777
15.777
15.777
15.777
15.777
15.777
15.777
15.777
15.777
15.777
15.777
15.777
15.777
15.777
15.777
15.777
15.777
15.777
15.777
15.777
15.777
15.777
15.777
15.777
15.777
15.777
15.777
15.777
15.777
15.777
15.777
15.777
15.777
15.777
15.777
15.777
15.777
15.777
15.777
15.777
15.777
15.777
15.777
15.777
15.777
15.777
15.777
15.777
15.777
15.777
15.777
15.777
15.777
15.777
15.777
15.777
15.777
15.777
15.777
15.777
15.777
15.777
15.777
15.777
15.777
15.777
15.777
15.777
15.777
15.777
15.777
15.777
15.777
15.777
15.777
15.777
15.777
15.777
15.777
15.777
15.777
15.777
15.777
15.777
15.777
15.777
15.777
15.777
15.777
15.777
15.777
15.777
15.629
15.482
15.334
15.187
15.039
14.892
14.744
14.597
14.449
14.302
14.154
14.007
13.859
13.712
13.564
13.417
13.27
13.122
12.975
12.827
12.68
12.532
12.385
12.237
12.09
11.942
11.795
11.647
11.5
11.352
11.136
12.387
13.673
14.993
16.344
17.726
19.137
20.576
22.041
23.533
25.05
26.592
28.156
29.744
31.354
32.985
34.637
36.309
38.001
39.712
41.442
43.19
44.956
46.739
48.539
50.356
52.19
54.039
55.903
57.783
59.678
61.587
63.511
65.449
67.4
69.365
71.344
73.335
75.339
77.356
79.385
81.426
83.479
85.543
87.62
89.707
91.806
93.915
96.035
98.166
100.31
102.46
104.62
106.79
108.97
111.17
113.37
115.58
117.8
120.02
122.26
124.51
126.76
129.03
131.3
133.58
135.87
138.16
140.47
142.78
145.1
147.43
149.76
152.11
154.46
156.82
159.18
161.55
163.93
166.32
168.71
171.11
173.52
175.93
178.35
180.78
183.21
185.65
188.09
190.54
193
190.54
188.09
185.65
183.21
180.78
178.35
175.93
173.52
171.11
168.71
166.32
163.93
161.55
159.18
156.82
154.46
152.11
149.76
147.43
145.1
142.78
140.47
138.16
135.87
133.58
131.3
129.03
126.76
124.51
122.26
120.02
117.8
115.58
113.37
111.17
108.97
106.79
104.62
102.46
100.31
98.166
96.035
93.915
91.806
89.707
87.62
85.543
83.479
81.426
79.385
77.356
75.339
73.335
71.344
69.365
67.4
65.449
63.511
61.587
59.678
57.783
55.903
54.039
52.19
50.356
48.539
46.739
44.956
43.19
41.442
39.712
38.001
36.309
34.637
32.985
31.354
29.744
28.156
26.592
25.05
23.533
22.041
20.576
19.137
17.726
16.344
14.993
13.673
12.387
11.892
11.396
10.901
10.405
9.9097
9.4142
8.9187
8.4232
7.9277
7.4323
6.9368
6.4413
5.9458
5.4503
4.9548
4.4594
3.9639
3.4684
2.9729
2.4774
1.9819
1.4865
0.99097
0.49548
-1.4211e-15
-0.49548
-0.99097
-1.4865
-1.9819
-2.4774
-2.9729
-3.4684
-3.9639
-4.4594
-4.9548
-5.4503
-5.9458
-6.4413
-6.9368
-7.4323
-7.9277
-8.4232
-8.9187
-9.4142
-9.9097
-10.405
-10.901
-11.396
-11.892
-12.387
-12.883
-13.378
-13.874
-14.369
-14.865
-15.36
-15.855
-16.351
-16.846
-17.342
-17.837
-18.333
-18.828
-19.324
-19.819
-20.315
-20.81
-21.306
-21.801
-22.297
-22.792
-23.288
-23.783
-24.279
-24.774
-25.27
-25.765
-26.261
-26.756
-27.252
-27.747
-28.243
-28.738
-29.234
-29.729
-30.224
-30.72
-31.215
-31.711
-32.206
-34.973
-34.519
-34.064
-33.61
-33.156
-32.702
-32.248
-31.794
-31.339
-30.885
-30.431
-29.977
-29.523
-29.068
-28.614
-28.16
-27.706
-27.252
-26.797
-26.343
-25.889
-25.435
-24.981
-24.526
-24.072
-23.618
-23.164
-22.71
-22.255
-21.801
-21.347
-20.893
-20.439
-19.984
-19.53
-19.076
-18.622
-18.168
-17.714
-17.259
-16.805
-16.351
-15.897
-15.443
-14.988
-14.534
-14.08
-13.626
-13.172
-12.717
-12.263
-11.809
-11.355
-10.901
-10.446
-9.9922
-9.5381
-9.0839
-8.6297
-8.1755
-7.7213
-7.2671
-6.8129
-6.3587
-5.9045
-5.4503
-4.9961
-4.5419
-4.0877
-3.6335
-3.1794
-2.7252
-2.271
-1.8168
-1.3626
-0.90839
-0.45419
-7.816e-15
0.45419
0.90839
13.92
13.92
13.92
13.92
13.92
13.92
13.92
13.92
13.92
13.92
13.92
13.92
13.92
13.92
13.92
13.92
13.92
13.92
13.92
13.92
13.92
13.92
13.92
13.92
13.92
13.92
13.92
13.92
13.92
13.92
13.92
13.92
13.92
13.92
13.92
13.92
13.92
13.92
13.92
13.92
13.92
13.92
13.92
13.92
13.92
13.92
13.92
13.92
13.92
13.92
13.92
13.92
13.92
13.92
13.92
13.92
13.92
13.92
13.92
13.92
13.92
13.92
13.92
13.92
13.92
13.92
13.92
13.92
13.92
13.92
13.92
13.92
13.92
13.92
13.92
13.92
13.92
13.92
13.92
13.92
13.92
13.92
13.92
13.92
13.92
13.92
13.92
13.92
13.92
13.92
13.92
13.92
13.92
13.92
13.92
13.92
13.92
13.92
13.92
13.92
13.92
