15.857
15.857
15.857
15.857
15.857
15.857
15.857
15.857
15.857
15.857
15.857
15.857
15.857
15.857
15.857
15.857
15.857
15.857
15.857
15.857
15.857
14.711
13.566
12.422
11.279
10.137
8.9963
7.8563
6.7174
5.5796
4.4428
3.307
2.1722
1.0386
-0.094066
-1.2256
-2.3561
-3.4856
-4.6139
-5.7412
-6.8674
-7.9925
-9.1165
-10.239
-11.361
-12.482
-13.601
-15.857
-15.857
-15.857
-15.857
-15.857
-15.857
-15.857
-15.857
-15.857
-15.857
-15.857
-15.857
-15.857
-15.857
-15.857
-15.857
-15.857
-15.857
-15.857
-15.857
-15.857
-15.857
-15.857
-15.857
-15.857
-15.857
-15.857
-15.857
-15.857
-15.857
-15.857
-15.857
-15.857
-15.857
-15.857
-15.857
-15.857
-15.857
-15.857
-15.857
-15.857
-15.857
-15.857
-15.857
-15.857
-15.857
-15.857
-15.857
-15.857
-15.857
-15.857
-15.857
-15.857
-15.857
-15.857
-15.857
-15.857
-15.857
-15.857
-15.857
-15.857
-15.857
-15.857
-15.857
-15.857
-15.857
-15.857
-15.857
-15.857
-15.857
-15.857
-15.857
-15.857
-15.857
-15.857
-15.857
-15.857
-15.857
-15.857
-15.857
-15.857
-15.857
-15.857
-15.857
-15.857
-15.857
-15.857
-15.857
-15.857
-15.857
-15.857
-15.857
-15.857
-15.857
-15.857
-15.857
-15.857
-15.857
-15.857
-15.857
-15.857
-15.857
-15.857
-15.857
-15.857
-15.857
-15.857
-15.857
-15.857
-15.857
-15.857
-15.857
-15.857
-15.857
-15.857
-15.857
-15.857
-15.857
-15.857
-15.857
-15.857
-15.857
-15.857
-15.857
-15.857
-15.857
-15.857
-15.857
-15.857
-15.857
-15.857
-15.857
-15.857
-15.505
-15.152
-14.8
-14.448
-14.095
-13.743
-13.39
-13.038
-12.686
-12.333
-11.981
-11.629
-11.276
-10.924
-10.571
-10.219
-9.8667
-9.5143
-9.1619
-8.8095
-8.4571
-8.1047
-7.7524
-7.4
-7.0476
-6.6952
-6.3428
-5.9905
-5.6381
-5.2857
-4.9333
-4.5809
-4.2286
-3.8762
-3.5238
-3.1714
-2.819
-2.4667
-2.1143
-1.7619
-1.4095
-1.0571
-0.70476
-0.35238
0
0.35238
0.70476
1.0571
1.4095
1.7619
2.1143
2.4667
2.819
3.1714
3.5238
3.8762
4.2286
4.5809
4.9333
5.2857
5.6381
5.9905
6.3428
6.6952
7.0476
7.4
7.7524
8.1047
8.4571
8.8095
9.1619
9.5143
9.8667
10.219
10.571
10.924
11.276
11.629
11.981
12.333
12.686
13.038
13.39
13.743
14.095
14.448
14.8
15.152
15.505
15.857
9.744
10.962
12.218
13.51
14.835
16.193
17.581
18.999
20.446
21.919
23.419
24.944
26.494
28.067
29.663
31.281
32.921
34.582
36.263
37.963
39.683
41.422
43.179
44.953
46.745
48.554
50.38
52.221
54.079
55.952
57.84
59.742
61.66
63.591
65.536
67.495
69.468
71.453
73.451
75.462
77.485
79.521
81.568
83.627
85.698
87.779
89.872
91.976
94.091
96.216
98.351
100.5
102.65
104.82
106.99
109.18
111.37
113.58
115.79
118.01
120.24
122.48
124.73
126.98
129.25
131.52
133.8
136.09
138.39
140.69
143.01
145.32
147.65
149.99
152.33
154.68
157.03
159.4
161.76
164.14
166.52
168.91
171.31
173.71
176.12
178.54
180.96
183.38
185.82
188.26
190.7
188.26
185.82
183.38
180.96
178.54
176.12
173.71
171.31
168.91
166.52
164.14
161.76
159.4
157.03
154.68
152.33
149.99
147.65
145.32
143.01
140.69
138.39
136.09
133.8
131.52
129.25
126.98
124.73
122.48
120.24
118.01
115.79
113.58
111.37
109.18
106.99
104.82
102.65
100.5
98.351
96.216
94.091
91.976
89.872
87.779
85.698
83.627
81.568
79.521
77.485
75.462
73.451
71.453
69.468
67.495
65.536
63.591
61.66
59.742
57.84
55.952
54.079
52.221
50.38
48.554
46.745
44.953
43.179
41.422
39.683
37.963
36.263
34.582
32.921
31.281
29.663
28.067
26.494
24.944
23.419
21.919
20.446
18.999
17.581
16.193
14.835
13.51
12.218
10.962
12.191
11.854
11.516
11.179
10.842
10.504
10.167
9.8299
9.4926
9.1553
8.818
8.4807
8.1434
7.8061
7.4688
7.1315
6.7942
6.4569
6.1196
5.7823
5.445
5.1077
4.7704
4.4331
4.0958
3.7585
3.4212
3.0839
2.7466
2.4093
2.072
1.7347
1.3974
1.0601
0.72279
0.38549
0.048186
-0.28911
-0.62641
-0.96371
-1.301
-1.6383
-1.9756
-2.3129
-2.6502
-2.9875
-3.3248
-3.6621
-3.9994
-4.3367
-4.674
-5.0113
-5.3486
-5.6859
-6.0232
-6.3605
-6.6978
-7.0351
-7.3724
-7.7097
-8.047
-8.3843
-8.7216
-9.0589
-9.3962
-9.7335
-10.071
-10.408
-10.745
-11.083
-11.42
-11.757
-12.095
-12.432
-12.769
-13.107
-13.444
-13.781
-14.118
-14.456
-14.793
-15.13
-15.468
-15.805
-16.142
-16.48
-16.817
-17.154
-17.491
-13.993
-10.495
-5.0154
-3.9492
-2.8978
-1.8619
-0.84225
0.16038
1.1452
2.1116
3.0587
3.9858
4.8922
5.7772
6.6401
7.4802
8.2968
9.0893
9.857
10.599
11.315
12.005
12.667
13.302
13.908
14.485
15.033
15.551
16.038
16.495
16.921
17.315
17.676
18.006
18.303
18.566
18.797
18.994
19.157
19.286
19.381
8.7696
9.866
10.996
12.159
13.352
14.574
15.823
17.099
18.401
19.727
21.077
22.45
23.844
25.26
26.697
28.153
29.629
31.124
32.636
34.167
35.715
37.28
38.861
40.458
42.071
43.699
45.342
46.999
48.671
50.356
52.056
53.768
55.494
57.232
58.983
60.746
62.521
64.308
66.106
67.916
69.737
71.569
73.411
75.264
77.128
79.001
80.885
82.779
84.682
86.594
88.516
90.447
92.387
94.336
96.294
98.261
100.24
102.22
104.21
106.21
108.22
110.23
112.26
114.29
116.32
118.37
120.42
122.48
124.55
126.62
128.7
130.79
132.89
134.99
137.1
139.21
141.33
143.46
145.59
147.73
149.87
152.02
154.18
156.34
158.51
160.68
162.86
165.05
167.24
169.43
171.63
169.43
167.24
165.05
162.86
160.68
158.51
156.34
154.18
152.02
149.87
147.73
145.59
143.46
141.33
139.21
137.1
134.99
132.89
130.79
128.7
126.62
124.55
122.48
120.42
118.37
116.32
114.29
112.26
110.23
108.22
106.21
104.21
102.22
100.24
98.261
96.294
94.336
92.387
90.447
88.516
86.594
84.682
82.779
80.885
79.001
77.128
75.264
73.411
71.569
69.737
