13.92
13.92
13.92
13.92
13.92
13.92
13.92
13.92
13.92
13.92
13.92
13.92
13.92
13.92
13.92
13.92
13.92
13.92
13.92
13.92
12.912
11.905
10.898
9.8928
8.8883
7.8846
6.8819
5.8802
4.8793
3.8794
2.8804
1.8824
0.88531
-0.11084
-1.106
-2.1003
-3.0936
-4.0859
-5.0772
-6.0676
-7.057
-8.0454
-9.0329
-10.019
-11.005
-11.989
-12.973
-13.92
-13.92
-13.92
-13.92
-13.92
-13.92
-13.92
-13.92
-13.92
-13.92
-13.92
-13.92
-13.92
-13.92
-13.92
-13.92
-13.92
-13.92
-13.92
-13.92
-13.92
-13.92
-13.92
-13.92
-13.92
-13.92
-13.92
-13.92
-13.92
-13.92
-13.92
-13.92
-13.92
-13.92
-13.92
-13.92
-13.92
-13.92
-13.92
-13.92
-13.92
-13.92
-13.92
-13.92
-13.92
-13.92
-13.92
-13.92
-13.92
-13.92
-13.92
-13.92
-13.92
-13.92
-13.92
-13.92
-13.92
-13.92
-13.92
-13.92
-13.92
-13.92
-13.92
-13.92
-13.92
-13.92
-13.92
-13.92
-13.92
-13.92
-13.92
-13.92
-13.92
-13.92
-13.92
-13.92
-13.92
-13.92
-13.92
-13.92
-13.92
-13.92
-13.92
-13.92
-13.92
-13.92
-13.92
-13.92
-13.92
-13.92
-13.92
-13.92
-13.92
-13.92
-13.92
-13.92
-13.92
-13.92
-13.92
-13.92
-13.92
-13.92
-13.92
-13.92
-13.92
-13.92
-13.92
-13.92
-13.92
-13.92
-13.92
-13.92
-13.92
-13.92
-13.92
-13.92
-13.92
-13.92
-13.92
-13.92
-13.92
-13.92
-13.92
-13.92
-13.92
-13.92
-13.92
-13.92
-13.92
-13.92
-13.92
-13.92
-13.92
-13.92
-13.611
-13.301
-12.992
-12.683
-12.373
-12.064
-11.755
-11.445
-11.136
-10.827
-10.517
-10.208
-9.8987
-9.5893
-9.28
-8.9707
-8.6613
-8.352
-8.0427
-7.7333
-7.424
-7.1147
-6.8053
-6.496
-6.1867
-5.8773
-5.568
-5.2587
-4.9493
-4.64
-4.3307
-4.0213
-3.712
-3.4027
-3.0933
-2.784
-2.4747
-2.1653
-1.856
-1.5467
-1.2373
-0.928
-0.61867
-0.30933
0
0.30933
0.61867
0.928
1.2373
1.5467
1.856
2.1653
2.4747
2.784
3.0933
3.4027
3.712
4.0213
4.3307
4.64
4.9493
5.2587
5.568
5.8773
6.1867
6.496
6.8053
7.1147
7.424
7.7333
8.0427
8.352
8.6613
8.9707
9.28
9.5893
9.8987
10.208
10.517
10.827
11.136
11.445
11.755
12.064
12.373
12.683
12.992
13.301
13.611
13.92
15.484
17.092
18.741
20.43
22.157
23.921
25.719
27.552
29.417
31.313
33.24
35.196
37.18
39.192
41.231
43.296
45.386
47.501
49.64
51.802
53.987
56.195
58.424
60.674
62.945
65.237
67.548
69.879
72.229
74.597
76.984
79.389
81.811
84.25
86.707
89.18
91.669
94.174
96.695
99.231
101.78
104.35
106.93
109.52
112.13
114.76
117.39
120.04
122.71
125.38
128.07
130.78
133.49
136.22
138.96
141.71
144.47
147.24
150.03
152.83
155.63
158.45
161.28
164.12
166.97
169.83
172.7
175.58
178.48
181.38
184.29
187.21
190.13
193.07
196.02
198.98
201.94
204.92
207.9
210.89
213.89
216.9
219.91
222.94
225.97
229.01
232.06
235.12
238.18
241.25
238.18
235.12
232.06
229.01
225.97
222.94
219.91
216.9
213.89
210.89
207.9
204.92
201.94
198.98
196.02
193.07
190.13
187.21
184.29
181.38
178.48
175.58
172.7
169.83
166.97
164.12
161.28
158.45
155.63
152.83
150.03
147.24
144.47
141.71
138.96
136.22
133.49
130.78
128.07
125.38
122.71
120.04
117.39
114.76
112.13
109.52
106.93
104.35
101.78
99.231
96.695
94.174
91.669
89.18
86.707
84.25
81.811
79.389
76.984
74.597
72.229
69.879
67.548
65.237
62.945
60.674
58.424
56.195
53.987
51.802
49.64
47.501
45.386
43.296
41.231
39.192
37.18
35.196
33.24
31.313
29.417
27.552
25.719
23.921
22.157
20.43
18.741
17.092
15.484
15.174
14.865
14.555
14.245
13.935
13.626
13.316
13.006
12.697
12.387
12.077
11.768
11.458
11.148
10.839
10.529
10.219
9.9097
9.6
9.2903
8.9806
8.671
8.3613
8.0516
7.7419
7.4323
7.1226
6.8129
6.5032
6.1935
5.8839
5.5742
5.2645
4.9548
4.6452
4.3355
4.0258
3.7161
3.4064
3.0968
2.7871
2.4774
2.1677
1.8581
1.5484
1.2387
0.92903
0.61935
0.30968
0
-0.30968
-0.61935
-0.92903
-1.2387
-1.5484
-1.8581
-2.1677
-2.4774
-2.7871
-3.0968
-3.4064
-3.7161
-4.0258
-4.3355
-4.6452
-4.9548
-5.2645
-5.5742
-5.8839
-6.1935
-6.5032
-6.8129
-7.1226
-7.4323
-7.7419
-8.0516
-8.3613
-8.671
-8.9806
-9.2903
-9.6
-9.9097
-10.219
-10.529
-10.839
-11.148
-11.458
-11.768
-12.077
-11.809
-9.0419
-8.0968
-7.1638
-6.2437
-5.337
-4.4444
-3.5666
-2.7041
-1.8577
-1.028
-0.21552
0.57905
1.3551
2.112
2.8493
3.5662
4.2623
4.937
5.5897
6.2199
6.8272
7.4109
7.9706
8.5058
9.0161
9.501
9.9601
10.393
10.799
11.179
11.531
11.855
12.151
12.42
12.659
12.87
13.052
13.205
13.328
13.422
13.92
13.92
13.92
13.92
13.92
13.92
13.92
13.92
13.92
13.92
13.92
13.92
13.92
13.92
13.92
13.92
13.92
13.92
13.92
13.92
13.92
13.92
13.92
13.92
13.92
13.92
13.92
13.92
13.92
13.92
13.92
13.92
13.92
13.92
13.92
13.92
13.92
13.92
13.92
13.92
13.92
13.92
13.92
13.92
13.92
13.92
13.92
13.92
13.92
13.92
13.92
13.92
13.92
13.92
13.92
13.92
13.92
13.92
13.92
13.92
13.92
13.92
13.92
13.92
13.92
13.92
13.92
13.92
13.92
13.92
13.92
13.92
13.92
13.92
13.92
13.92
13.92
13.92
13.92
13.92
13.92
13.92
13.92
13.92
13.92
13.92
13.92
13.92
13.92
13.92
13.92
13.92
13.92
13.92
13.92
13.92
13.92
13.92
13.92
13.92
13.92
13.92
13.92
13.92
13.92
13.92
13.92
13.92
13.92
13.92
13.92
13.92
13.92
13.92
13.92
13.92
13.92
13.92
13.92
13.92
13.92
13.92
13.92
13.92
13.92
13.92
13.92
13.92
13.92
13.92
13.92
13.92
13.92
13.92
13.92
13.92
13.92
13.92
13.92
13.92
13.92
