320
320
320
320
320
320
320
320
320
320
320
320
320
320
320
320
320
320
320
320
320
320
320
320
320
320
320
320
320
320
320
320
320
320
320
320
320
320
320
320
320
320
320
320
320
320
320
320
320
320
320
320
320
320
320
320
320
320
320
320
320
320
320
320
320
320
320
320
320
320
320
320
320
320
320
320
320
320
320
320
320
320
320
320
320
320
320
320
320
320
320
320
320
320
320
320
320
320
320
320
320
320
320
320
320
320
320
320
320
320
320
320
320
320
320
320
320
320
320
320
320
320
320
320
320
320
320
320
320
320
320
320
320
320
320
320
320
320
320
320
320
320
320
320
320
320
320
320
320
320
320
320
320
320
320
320
320
320
320
320
320
320
320
320
320
320
320
320
320
320
320
320
320
320
320
320
320
320
320
320
320
320
320
320
320
320
320
320
320
320
320
320
320
320
320
320
320
320
320
320
320
320
320
320
320
320
320
320
320
320
320
320
320
320
320
320
320
320
320
320
320
320
320
320
320
320
320
320
320
320
320
320
320
320
320
320
320
320
320
320
320
320
320
320
320
320
320
320
320
320
320
320
320
320
320
320
320
320
320
320
320
320
320
320
320
320
320
320
320
320
320
320
320
320
320
320
320
320
320
320
321.79
324.79
327.84
330.93
334.07
337.24
340.46
343.72
347.01
350.35
353.72
357.12
360.56
364.03
367.54
371.08
374.65
378.25
381.88
385.54
389.24
392.95
396.7
400.48
404.28
408.1
411.96
415.84
419.74
423.67
427.62
431.59
435.59
439.61
443.66
447.72
451.81
455.92
460.05
464.2
468.37
472.56
476.77
481
485.25
489.52
493.8
498.11
502.43
506.77
511.13
515.5
519.9
524.3
528.73
533.17
537.63
542.1
546.59
551.09
555.61
560.15
564.7
569.26
573.84
578.43
583.04
587.66
592.29
596.94
601.6
606.28
610.96
615.66
620.38
625.1
629.84
634.59
639.35
644.12
648.91
644.12
639.35
634.59
629.84
625.1
620.38
615.66
610.96
606.28
601.6
596.94
592.29
587.66
583.04
578.43
573.84
569.26
564.7
560.15
555.61
551.09
546.59
542.1
537.63
533.17
528.73
524.3
519.9
515.5
511.13
506.77
502.43
498.11
493.8
489.52
485.25
481
476.77
472.56
468.37
464.2
460.05
455.92
451.81
447.72
443.66
439.61
435.59
431.59
427.62
423.67
419.74
415.84
411.96
408.1
404.28
400.48
396.7
392.95
389.24
385.54
381.88
378.25
374.65
371.08
367.54
364.03
360.56
357.12
353.72
350.35
347.01
343.72
340.46
337.24
334.07
330.93
327.84
324.79
321.79
320
320
320
320
320
320
320
320
320
320
320
320
320
320
320
320
320
320
320
320
320
320
320
320
320
320
320
320
320
320
320
320
320
320
320
320
320
320
320
320
320
320
320
320
320
320
320
320
320
320
320
320
320
320
320
320
320
320
320
320
320
320
320
320
320
320
320
320
320
320
320
320
320
320
320
320
320
320
320
320
320
320
320
320
320
320
320
320
320
320
320
320
320
320
320
320
320
320
320
320
320
320
320
320
320
320
320
320
320
320
320
320
320
320
320
320
320
320
320
320
320
320
320
320
320
320
320
320
320
320
320
320
320
320
320
320
320
320
320
320
320
320
320
320
320
320
320
320
320
320
320
320
320
320
320
320
320
320
320
320
320
320
320
320
320
320
320
320
320
320
320
320
320
320
320
320
320
320
320
320
320
320
320
320
320
320
320
320
320
320
320
320
320
320
320
320
320
320
320
320
320
320
320
320
320
320
320
320
320
320
320
320
320
320
320
320
320
320
320
320
320
320
320
320
320
320
320
320
320
320
320
320
320
320
320
320
320
320
320
320
320
320
320
320
320
320
320
320
320
320
320
320
320
320
320
320
320
320
320
320
320
320
320
320
320
320
320
320
320
320
320
320
320
320
320
320
320
320
320
320
