320
320
320
320
320
320
320
320
320
320
320
320
320
320
320
320
320
320
320
320
320
320
320
320
320
320
320
320
320
320
320
320
320
320
320
320
320
320
320
320
320
320
320
320
320
320
320
320
320
320
320
320
320
320
320
320
320
320
320
320
320
320
320
320
320
320
320
320
320
320
320
320
320
320
320
320
320
320
320
320
320
320
320
320
320
320
320
320
320
320
320
320
320
320
320
320
320
320
320
320
320
320
320
320
320
320
320
320
320
320
320
320
320
320
320
320
320
320
320
320
320
320
320
320
320
320
320
320
320
320
320
320
320
320
320
320
320
320
320
320
320
320
320
320
320
320
320
320
320
320
320
320
320
320
320
320
320
320
320
320
320
320
320
320
320
320
320
320
320
320
320
320
320
320
320
320
320
320
320
320
320
320
320
320
320
320
320
320
320
320
320
320
320
320
320
320
320
320
320
320
320
320
320
320
320
320
320
320
320
320
320
320
320
320
320
320
320
320
320
320
320
320
320
320
320
320
320
320
320
320
320
320
320
320
320
320
320
320
320
320
320
320
320
320
320
320
320
320
320
320
320
320
320
320
320
320
320
320
320
320
320
320
320
320
320
320
320
320
320
320
320
320
320
320
320
320
320
320
320
320
320
320.54
323.34
326.17
329.05
331.97
334.92
337.91
340.94
343.99
347.09
350.21
353.37
356.56
359.78
363.02
366.3
369.61
372.94
376.3
379.69
383.1
386.54
390.01
393.49
397.01
400.54
404.1
407.69
411.29
414.92
418.57
422.24
425.93
429.64
433.37
437.13
440.9
444.69
448.5
452.33
456.17
460.04
463.92
467.82
471.74
475.67
479.62
483.59
487.57
491.57
495.59
499.62
503.67
507.73
511.8
515.89
520
524.12
528.25
532.4
536.57
540.74
544.93
549.13
553.35
557.58
561.82
566.07
570.34
574.61
578.9
583.21
587.52
591.85
596.18
600.53
604.89
609.26
613.64
618.04
613.64
609.26
604.89
600.53
596.18
591.85
587.52
583.21
578.9
574.61
570.34
566.07
561.82
557.58
553.35
549.13
544.93
540.74
536.57
532.4
528.25
524.12
520
515.89
511.8
507.73
503.67
499.62
495.59
491.57
487.57
483.59
479.62
475.67
471.74
467.82
463.92
460.04
456.17
452.33
448.5
444.69
440.9
437.13
433.37
429.64
425.93
422.24
418.57
414.92
411.29
407.69
404.1
400.54
397.01
393.49
390.01
386.54
383.1
379.69
376.3
372.94
369.61
366.3
363.02
359.78
356.56
353.37
350.21
347.09
343.99
340.94
337.91
334.92
331.97
329.05
326.17
323.34
320.54
320
320
320
320
320
320
320
320
320
320
320
320
320
320
320
320
320
320
320
320
320
320
320
320
320
320
320
320
320
320
320
320
320
320
320
320
320
320
320
320
320
320
320
320
320
320
320
320
320
320
320
320
320
320
320
320
320
320
320
320
320
320
320
320
320
320
320
320
320
320
320
320
320
320
320
320
320
320
320
320
320
320
320
320
320
320
320
320
320
320
320
320
320
320
320
320
320
320
320
320
320
320
320
320
320
320
320
320
320
320
320
320
320
320
320
320
320
320
320
320
320
320
320
320
320
320
320
320
320
320
320
320
320
320
320
320
320
320
320
320
320
320
320
320
320
320
320
320
320
320
320
320
320
320.86
323.45
326.07
328.73
331.42
334.14
336.9
339.68
342.49
345.33
348.2
351.1
354.02
356.97
359.95
362.95
365.97
369.02
372.09
375.19
378.31
381.45
384.61
387.79
390.99
394.22
397.46
400.73
404.01
407.32
410.64
413.98
417.34
420.71
424.11
427.52
430.95
434.39
437.85
441.33
444.83
448.34
451.86
455.4
458.96
462.53
466.11
469.71
473.33
476.96
480.6
484.25
487.92
491.61
495.3
499.01
502.73
506.46
510.21
513.97
517.74
521.52
525.31
529.12
532.93
536.76
540.6
544.45
548.31
552.19
556.07
559.96
563.86
567.78
571.7
575.64
579.58
583.53
579.58
575.64
571.7
567.78
563.86
559.96
556.07
552.19
548.31
544.45
540.6
536.76
532.93
529.12
525.31
521.52
517.74
513.97
510.21
506.46
502.73
499.01
495.3
491.61
487.92
484.25
480.6
476.96
473.33
469.71
466.11
462.53
458.96
455.4
451.86
448.34
444.83
441.33
437.85
434.39
430.95
427.52
424.11
420.71
417.34
413.98
410.64
407.32
404.01
400.73
