320
320
320
320
320
320
320
320
320
320
320
320
320
320
320
320
320
320
320
320
320
320
320
320
320
320
320
320
320
320
320
320
320
320
320
320
320
320
320
320
320
320
320
320
320
320
320
320
320
320
320
320
320
320
320
320
320
320
320
320
320
320
320
320
320
320
320
320
320
320
320
320
320
320
320
320
320
320
320
320
320
320
320
320
320
320
320
320
320
320
320
320
320
320
320
320
320
320
320
320
320
320
320
320
320
320
320
320
320
320
320
320
320
320
320
320
320
320
320
320
320
320
320
320
320
320
320
320
320
320
320
320
320
320
320
320
320
320
320
320
320
320
320
320
320
320
320
320
320
320
320
320
320
320
320
320
320
320
320
320
320
320
320
320
320
320
320
320
320
320
320
320
320
320
320
320
320
320
320
320
320
320
320
320
320
320
320
320
320
320
320
320
320
320
320
320
320
320
320
320
320
320
320
320
320
320
320
320
320
320
320
320
320
320
320
320
320
320
320
320
320
320
320
320
320
320
320
320
320
320
320
320
320
320
320
320
320
320
320
320
320
320
320
320
320
320
320
320
320
320
320
320
320
320
320
320
320
320
320
320
320
320
320
320
320
320
320
320
320
320
320
320
320
320
320
320
320
320
320
320
320
321.96
324.84
327.76
330.72
333.73
336.77
339.85
342.96
346.11
349.3
352.52
355.77
359.05
362.36
365.71
369.08
372.49
375.92
379.38
382.87
386.39
389.93
393.5
397.09
400.71
404.35
408.01
411.7
415.42
419.15
422.91
426.69
430.49
434.31
438.16
442.02
445.9
449.81
453.73
457.67
461.63
465.61
469.61
473.63
477.66
481.71
485.78
489.87
493.97
498.09
502.23
506.38
510.54
514.73
518.93
523.14
527.37
531.61
535.87
540.14
544.43
548.73
553.04
557.37
561.71
566.06
570.43
574.81
579.2
583.61
588.03
592.46
596.9
601.36
605.82
610.3
614.79
619.29
623.8
628.33
623.8
619.29
614.79
610.3
605.82
601.36
596.9
592.46
588.03
583.61
579.2
574.81
570.43
566.06
561.71
557.37
553.04
548.73
544.43
540.14
535.87
531.61
527.37
523.14
518.93
514.73
510.54
506.38
502.23
498.09
493.97
489.87
485.78
481.71
477.66
473.63
469.61
465.61
461.63
457.67
453.73
449.81
445.9
442.02
438.16
434.31
430.49
426.69
422.91
419.15
415.42
411.7
408.01
404.35
400.71
397.09
393.5
389.93
386.39
382.87
379.38
375.92
372.49
369.08
365.71
362.36
359.05
355.77
352.52
349.3
346.11
342.96
339.85
336.77
333.73
330.72
327.76
324.84
321.96
320
320
320
320
320
320
320
320
320
320
320
320
320
320
320
320
320
320
320
320
320
320
320
320
320
320
320
320
320
320
320
320
320
320
320
320
320
320
320
320
320
320
320
320
320
320
320
320
320
320
320
320
320
320
320
320
320
320
320
320
320
320
320
320
320
320
320
320
320
320
320
320
320
320
320
320
320
320
320
320
320
320
320
320
320
320
320
320
320
320
320
320
320
320
320
320
320
320
320
320
320
320
320
320
320
320
320
320
320
320
320
320
320
320
320
320
320
320
320
320
320
320
320
320
320
320
320
320
320
320
320
320
320
320
320
320
320.43
322.24
324.05
325.86
320
320
320
320
320
320
320
320
320
320
320
320
320
320
320
320
320
320
320
320
320
320
320
320
320
320
320
320
320
320
320
320
320
320
320
320
320
320
320
320
320
320
320
320
320
320
320
320
320
320
320
320
320
320
320
320
320
320
320
320
320
320
320
320
320
320
320
320
320
320
320
320
320
320
320
320
320
320
320
320
320
320
320
320
320
320
320
320
320
320
320
320
320
320
320
320
320
320
320
320
320
320
320
320
320
320
320
320
320
320
320
320
320
320
320
320
320
320
320
320
320
320
320
320
320
320
320
320
320
320
320
320
320
320
320
320
320
320
320
320
320
