15.802
15.802
15.802
15.802
15.802
15.802
15.802
15.802
15.802
15.802
15.802
15.802
15.802
15.802
15.802
15.802
15.802
15.802
15.802
15.802
15.802
14.794
13.786
12.78
11.775
10.77
9.7664
8.7637
7.7619
6.7611
5.7612
4.7622
3.7642
2.7672
1.7711
0.77597
-0.2182
-1.2114
-2.2036
-3.1949
-4.1852
-5.1744
-6.1627
-7.1501
-8.1364
-9.1217
-10.106
-15.802
-15.802
-15.802
-15.802
-15.802
-15.802
-15.802
-15.802
-15.802
-15.802
-15.802
-15.802
-15.802
-15.802
-15.802
-15.802
-15.802
-15.802
-15.802
-15.802
-15.802
-15.802
-15.802
-15.802
-15.802
-15.802
-15.802
-15.802
-15.802
-15.802
-15.802
-15.802
-15.802
-15.802
-15.802
-15.802
-15.802
-15.802
-15.802
-15.802
-15.802
-15.802
-15.802
-15.802
-15.802
-15.802
-15.802
-15.802
-15.802
-15.802
-15.802
-15.802
-15.802
-15.802
-15.802
-15.802
-15.802
-15.802
-15.802
-15.802
-15.802
-15.802
-15.802
-15.802
-15.802
-15.802
-15.802
-15.802
-15.802
-15.802
-15.802
-15.802
-15.802
-15.802
-15.802
-15.802
-15.802
-15.802
-15.802
-15.802
-15.802
-15.802
-15.802
-15.802
-15.802
-15.802
-15.802
-15.802
-15.802
-15.802
-15.802
-15.802
-15.802
-15.802
-15.802
-15.802
-15.802
-15.802
-15.802
-15.802
-15.802
-15.802
-15.802
-15.802
-15.802
-15.802
-15.802
-15.802
-15.802
-15.802
-15.802
-15.802
-15.802
-15.802
-15.802
-15.802
-15.802
-15.802
-15.802
-15.802
-15.802
-15.802
-15.802
-15.802
-15.802
-15.802
-15.802
-15.802
-15.802
-15.802
-15.802
-15.802
-15.802
-15.451
-15.1
-14.749
-14.397
-14.046
-13.695
-13.344
-12.993
-12.642
-12.29
-11.939
-11.588
-11.237
-10.886
-10.535
-10.183
-9.8323
-9.4812
-9.13
-8.7789
-8.4277
-8.0766
-7.7254
-7.3743
-7.0231
-6.6719
-6.3208
-5.9696
-5.6185
-5.2673
-4.9162
-4.565
-4.2139
-3.8627
-3.5115
-3.1604
-2.8092
-2.4581
-2.1069
-1.7558
-1.4046
-1.0535
-0.70231
-0.35115
0
0.35115
0.70231
1.0535
1.4046
1.7558
2.1069
2.4581
2.8092
3.1604
3.5115
3.8627
4.2139
4.565
4.9162
5.2673
5.6185
5.9696
6.3208
6.6719
7.0231
7.3743
7.7254
8.0766
8.4277
8.7789
9.13
9.4812
9.8323
10.183
10.535
10.886
11.237
11.588
11.939
12.29
12.642
12.993
13.344
13.695
14.046
14.397
14.749
15.1
15.451
15.802
9.744
10.839
11.964
13.119
14.301
15.51
16.745
18.004
19.287
20.592
21.92
23.269
24.638
26.027
27.436
28.863
30.309
31.772
33.253
34.751
36.265
37.794
39.34
40.901
42.477
44.067
45.671
47.29
48.922
50.567
52.226
53.897
55.581
57.277
58.985
60.705
62.437
64.18
65.934
67.7
69.476
71.263
73.06
74.867
76.685
78.512
80.349
82.196
84.053
85.918
87.793
89.677
91.569
93.471
95.381
97.299
99.226
101.16
103.1
105.06
107.01
108.98
110.96
112.94
114.93
116.92
118.93
120.94
122.96
124.98
127.01
129.05
131.1
133.15
135.21
137.27
139.34
141.42
143.51
145.6
147.69
149.79
151.9
154.01
156.13
158.26
160.39
162.52
164.67
166.81
168.96
166.81
164.67
162.52
160.39
158.26
156.13
154.01
151.9
149.79
147.69
145.6
143.51
141.42
139.34
137.27
135.21
133.15
131.1
129.05
127.01
124.98
122.96
120.94
118.93
116.92
114.93
112.94
110.96
108.98
107.01
105.06
103.1
101.16
99.226
97.299
95.381
93.471
91.569
89.677
87.793
85.918
84.053
82.196
80.349
78.512
76.685
74.867
73.06
71.263
69.476
67.7
65.934
64.18
62.437
60.705
58.985
57.277
55.581
53.897
52.226
50.567
48.922
47.29
45.671
44.067
42.477
40.901
39.34
37.794
36.265
34.751
33.253
31.772
30.309
28.863
27.436
26.027
24.638
23.269
21.92
20.592
19.287
18.004
16.745
15.51
14.301
13.119
11.964
10.839
12.054
11.72
11.387
11.053
10.72
10.386
10.053
9.7191
9.3856
9.0521
8.7186
8.3851
8.0516
7.7181
7.3846
7.0511
6.7176
6.3841
6.0506
5.7171
5.3836
5.0501
4.7166
4.3831
4.0496
3.7161
3.3826
3.0491
2.7156
2.3821
2.0486
1.7151
1.3816
1.0481
0.71464
0.38114
0.047643
-0.28586
-0.61935
-0.95285
-1.2864
-1.6199
-1.9533
-2.2868
-2.6203
-2.9538
-3.2873
-3.6208
-3.9543
-4.2878
-4.6213
-4.9548
-5.2883
-5.6218
-5.9553
-6.2888
-6.6223
-6.9558
-7.2893
-7.6228
-7.9563
-8.2898
-8.6233
-8.9568
-9.2903
-9.6238
-9.9573
-10.291
-10.624
-10.958
-11.291
-11.625
-11.958
-12.292
-12.625
-12.959
-13.292
-13.626
-13.959
-14.293
-14.626
-14.96
-15.293
-15.627
-15.96
-16.294
-16.627
-16.961
-17.294
-13.835
-10.377
-5.0817
-4.1487
-3.2286
-2.3218
-1.4291
-0.55118
0.3114
1.158
1.9879
2.8006
3.5954
4.3717
5.1289
5.8665
6.5838
7.2803
7.9554
8.6086
9.2394
9.8471
10.431
10.992
11.528
12.039
12.524
12.984
13.418
13.825
14.205
14.558
14.884
15.181
15.45
15.691
15.903
16.086
16.241
16.365
16.461
8.7696
9.7548
10.768
11.807
12.871
13.959
15.07
16.203
17.358
18.533
19.728
20.942
22.174
23.424
24.692
25.977
27.278
28.595
29.928
31.276
32.638
34.015
35.406
36.811
38.229
39.66
41.104
42.561
44.03
45.51
47.003
48.507
50.023
51.549
53.087
54.635
56.193
57.762
59.341
60.93
62.528
64.136
65.754
67.381
69.016
70.661
72.315
73.977
75.647
77.326
79.014
80.709
82.412
84.124
85.843
87.569
89.303
91.045
92.794
94.55
96.313
98.083
99.86
101.64
103.43
105.23
107.03
108.84
110.66
112.48
114.31
116.15
117.99
119.83
121.69
123.55
125.41
127.28
129.15
131.04
132.92
134.81
136.71
138.61
140.52
142.43
144.35
146.27
148.2
150.13
152.07
150.13
148.2
146.27
144.35
142.43
140.52
138.61
136.71
134.81
132.92
131.04
129.15
127.28
125.41
123.55
121.69
119.83
117.99
116.15
114.31
112.48
110.66
108.84
107.03
105.23
103.43
101.64
99.86
98.083
96.313
94.55
92.794
91.045
89.303
87.569
85.843
84.124
82.412
80.709
79.014
77.326
75.647
73.977
72.315
70.661
69.016
67.381
65.754
64.136
62.528
