15.802
15.802
15.802
15.802
15.802
15.802
15.802
15.802
15.802
15.802
15.802
15.802
15.802
15.802
15.802
15.802
15.802
15.802
15.802
15.802
15.802
14.794
13.786
12.78
11.775
10.77
9.7664
8.7637
7.7619
6.7611
5.7612
4.7622
3.7642
2.7672
1.7711
0.77597
-0.2182
-1.2114
-2.2036
-2.2036
-2.2036
-1.2143
-0.22605
0.76126
1.7476
2.7329
3.7172
4.7005
5.6827
6.664
7.6442
8.6234
9.6016
10.579
11.555
12.53
13.504
14.477
15.449
16.42
15.802
15.802
15.802
15.802
15.802
15.802
15.802
15.802
15.802
15.802
15.802
15.802
15.802
15.802
15.802
15.802
15.802
15.802
15.802
15.802
15.802
15.802
15.802
15.802
15.802
15.802
15.802
15.802
15.802
15.802
15.802
15.802
15.802
15.802
15.802
15.802
15.802
15.802
15.802
15.802
15.802
15.802
15.802
15.802
15.802
15.802
15.802
15.802
15.802
15.802
15.802
15.802
15.802
15.802
15.802
15.802
15.802
15.802
15.802
15.802
15.802
15.802
15.802
15.802
15.802
15.802
15.802
15.802
15.802
15.802
15.802
15.802
15.802
15.802
15.802
15.802
15.802
15.802
15.802
15.802
15.802
15.802
15.802
15.802
15.802
15.802
15.802
15.802
15.802
15.802
15.802
15.802
15.802
15.802
15.802
15.802
15.802
15.802
15.802
15.802
15.802
15.802
15.802
15.802
15.802
15.802
15.802
15.802
15.802
15.802
15.802
15.802
15.802
15.802
15.802
15.802
15.802
15.802
15.802
15.802
15.802
15.802
15.802
15.802
15.802
15.802
15.802
15.802
15.802
15.802
15.802
15.802
15.802
15.802
15.802
15.802
15.802
15.802
15.802
15.802
15.802
15.802
15.802
15.802
15.802
15.802
15.802
15.802
15.802
15.802
15.802
15.802
15.802
15.802
15.802
15.802
15.802
15.802
15.802
15.802
15.802
15.802
15.802
15.802
15.802
15.802
15.802
15.802
15.802
15.802
15.802
15.802
15.802
15.802
15.802
15.802
15.802
15.802
15.802
15.802
15.655
15.508
15.361
15.214
15.067
14.921
14.774
14.627
14.48
14.333
14.186
14.039
13.892
13.745
13.598
13.451
13.305
13.158
13.011
12.864
12.717
12.57
12.423
12.276
12.129
11.982
11.835
11.689
11.542
11.395
11.136
12.387
13.673
14.993
16.344
17.726
19.137
20.576
22.042
23.534
25.051
26.593
28.158
29.745
31.355
32.987
34.639
36.311
38.003
39.715
41.445
43.194
44.96
46.744
48.545
50.362
52.196
54.045
55.911
57.791
59.686
61.596
63.521
65.459
67.412
69.377
71.356
73.349
75.354
77.371
79.401
81.443
83.497
85.563
87.64
89.728
91.828
93.939
96.06
98.192
100.33
102.49
104.65
106.82
109.01
111.2
113.4
115.61
117.83
120.06
122.3
124.55
126.81
129.07
131.34
133.63
135.92
138.22
140.52
142.84
145.16
147.49
149.83
152.17
154.52
156.88
159.25
161.62
164.01
166.39
168.79
171.19
173.6
176.02
178.44
180.87
183.3
185.74
188.19
190.64
193.1
190.64
188.19
185.74
183.3
180.87
178.44
176.02
173.6
171.19
168.79
166.39
164.01
161.62
159.25
156.88
154.52
152.17
149.83
147.49
145.16
142.84
140.52
138.22
135.92
133.63
131.34
129.07
126.81
124.55
122.3
120.06
117.83
115.61
113.4
111.2
109.01
106.82
104.65
102.49
100.33
98.192
96.06
93.939
91.828
89.728
87.64
85.563
83.497
81.443
79.401
77.371
75.354
73.349
71.356
69.377
67.412
65.459
63.521
61.596
59.686
57.791
55.911
54.045
52.196
50.362
48.545
46.744
44.96
43.194
41.445
39.715
38.003
36.311
34.639
32.987
31.355
29.745
28.158
26.593
25.051
23.534
22.042
20.576
19.137
17.726
16.344
14.993
13.673
12.387
11.892
11.396
10.901
10.405
9.9097
9.4142
8.9187
8.4232
7.9277
7.4323
6.9368
6.4413
5.9458
5.4503
4.9548
4.4594
3.9639
3.4684
2.9729
2.4774
1.9819
1.4865
0.99097
0.49548
0
-0.49548
-0.99097
-1.4865
-1.9819
-2.4774
-2.9729
-3.4684
-3.9639
-4.4594
-4.9548
-5.4503
-5.9458
-6.4413
-6.9368
-7.4323
-7.9277
-8.4232
-8.9187
-9.4142
-9.9097
-10.405
-10.901
-11.396
-11.892
-12.387
-12.883
-13.378
-13.874
-14.369
-14.865
-15.36
-15.855
-16.351
-16.846
-17.342
-17.837
-18.333
-18.828
-19.324
-19.819
-20.315
-20.81
-21.306
-21.801
-22.297
-22.792
-23.288
-23.783
-24.279
-24.774
-25.27
-25.765
-26.261
-26.756
-27.252
-27.747
-28.243
-28.738
-29.234
-29.729
-30.225
-30.72
-31.215
-31.711
-32.206
-34.973
-34.519
-34.065
-33.61
-33.156
-32.702
-32.248
-31.794
-31.339
-30.885
-30.431
-29.977
-29.523
-29.068
-28.614
-28.16
-27.706
-27.252
-26.797
-26.343
-25.889
-25.435
-24.981
-24.526
-24.072
-23.618
-23.164
-22.71
-22.255
-21.801
-21.347
-20.893
-20.439
-19.985
-19.53
-19.076
-18.622
-18.168
-17.714
-17.259
-16.805
-16.351
-15.897
-15.443
-14.988
-14.534
-14.08
-13.626
-13.172
-12.717
-12.263
-11.809
-11.355
-10.901
-10.446
-9.9923
-9.5381
-9.0839
-8.6297
-8.1755
-7.7213
-7.2671
-6.8129
-6.3587
-5.9045
-5.4503
-4.9961
-4.5419
-4.0877
-3.6335
-3.1794
-2.7252
-2.271
-1.8168
-1.3626
-0.90839
-0.45419
7.816e-15
0.45419
0.90839
13.92
13.92
13.92
13.92
13.92
13.92
13.92
13.92
13.92
13.92
13.92
13.92
13.92
13.92
13.92
13.92
13.92
13.92
13.92
13.92
13.92
13.92
13.92
13.92
13.92
13.92
13.92
13.92
13.92
13.92
13.92
13.92
13.92
13.92
13.92
13.92
13.92
13.92
13.92
13.92
13.92
13.92
13.92
13.92
13.92
13.92
13.92
13.92
13.92
13.92
13.92
13.92
13.92
13.92
13.92
13.92
13.92
13.92
13.92
13.92
13.92
13.92
13.92
13.92
13.92
13.92
13.92
13.92
13.92
13.92
13.92
13.92
13.92
13.92
13.92
13.92
13.92
13.92
13.92
13.92
13.92
13.92
13.92
13.92
13.92
13.92
13.92
13.92
13.92
13.92
13.92
13.92
13.92
13.92
13.92
13.92
13.92
13.92
13.92
13.92
13.92
