13.92
13.92
13.92
13.92
13.92
13.92
13.92
13.92
13.92
13.92
13.92
13.92
13.92
13.92
13.92
13.92
13.92
13.92
13.92
13.92
12.911
11.903
10.895
9.889
8.8835
7.8789
6.8753
5.8726
4.8708
3.87
2.8701
1.8712
0.87316
-0.12389
-1.12
-2.1151
-3.1093
-4.1025
-5.0947
-6.086
-7.0762
-8.0655
-9.0538
-10.041
-11.027
-12.013
-12.997
-13.92
-13.92
-13.92
-13.92
-13.92
-13.92
-13.92
-13.92
-13.92
-13.92
-13.92
-13.92
-13.92
-13.92
-13.92
-13.92
-13.92
-13.92
-13.92
-13.92
-13.92
-13.92
-13.92
-13.92
-13.92
-13.92
-13.92
-13.92
-13.92
-13.92
-13.92
-13.92
-13.92
-13.92
-13.92
-13.92
-13.92
-13.92
-13.92
-13.92
-13.92
-13.92
-13.92
-13.92
-13.92
-13.92
-13.92
-13.92
-13.92
-13.92
-13.92
-13.92
-13.92
-13.92
-13.92
-13.92
-13.92
-13.92
-13.92
-13.92
-13.92
-13.92
-13.92
-13.92
-13.92
-13.92
-13.92
-13.92
-13.92
-13.92
-13.92
-13.92
-13.92
-13.92
-13.92
-13.92
-13.92
-13.92
-13.92
-13.92
-13.92
-13.92
-13.92
-13.92
-13.92
-13.92
-13.92
-13.92
-13.92
-13.92
-13.92
-13.92
-13.92
-13.92
-13.92
-13.92
-13.92
-13.92
-13.92
-13.92
-13.92
-13.92
-13.92
-13.92
-13.92
-13.92
-13.92
-13.92
-13.92
-13.92
-13.92
-13.92
-13.92
-13.92
-13.92
-13.92
-13.92
-13.92
-13.92
-13.92
-13.92
-13.92
-13.92
-13.92
-13.92
-13.92
-13.92
-13.92
-13.92
-13.92
-13.92
-13.92
-13.92
-13.92
-13.611
-13.301
-12.992
-12.683
-12.373
-12.064
-11.755
-11.445
-11.136
-10.827
-10.517
-10.208
-9.8987
-9.5893
-9.28
-8.9707
-8.6613
-8.352
-8.0427
-7.7333
-7.424
-7.1147
-6.8053
-6.496
-6.1867
-5.8773
-5.568
-5.2587
-4.9493
-4.64
-4.3307
-4.0213
-3.712
-3.4027
-3.0933
-2.784
-2.4747
-2.1653
-1.856
-1.5467
-1.2373
-0.928
-0.61867
-0.30933
0
0.30933
0.61867
0.928
1.2373
1.5467
1.856
2.1653
2.4747
2.784
3.0933
3.4027
3.712
4.0213
4.3307
4.64
4.9493
5.2587
5.568
5.8773
6.1867
6.496
6.8053
7.1147
7.424
7.7333
8.0427
8.352
8.6613
8.9707
9.28
9.5893
9.8987
10.208
10.517
10.827
11.136
11.445
11.755
12.064
12.373
12.683
12.992
13.301
13.611
13.92
15.484
17.092
18.741
20.43
22.157
23.921
25.72
27.552
29.417
31.314
33.241
35.197
37.182
39.194
41.233
43.298
45.389
47.504
49.644
51.806
53.992
56.2
58.43
60.681
62.953
65.245
67.557
69.888
72.239
74.608
76.996
79.401
81.824
84.265
86.722
89.196
91.686
94.192
96.714
99.251
101.8
104.37
106.95
109.55
112.16
114.78
117.42
120.08
122.74
125.42
128.11
130.81
133.53
136.26
139
141.75
144.52
147.29
150.08
152.88
155.69
158.51
161.34
164.18
167.03
169.9
172.77
175.65
178.55
181.45
184.36
187.28
190.21
193.15
196.1
199.06
202.03
205.01
207.99
210.99
213.99
217
220.02
223.05
226.08
229.13
232.18
235.24
238.3
241.38
238.3
235.24
232.18
229.13
226.08
223.05
220.02
217
213.99
210.99
207.99
205.01
202.03
199.06
196.1
193.15
190.21
187.28
184.36
181.45
178.55
175.65
172.77
169.9
167.03
164.18
161.34
158.51
155.69
152.88
150.08
147.29
144.52
141.75
139
136.26
133.53
130.81
128.11
125.42
122.74
120.08
117.42
114.78
112.16
109.55
106.95
104.37
101.8
99.251
96.714
94.192
91.686
89.196
86.722
84.265
81.824
79.401
76.996
74.608
72.239
69.888
67.557
65.245
62.953
60.681
58.43
56.2
53.992
51.806
49.644
47.504
45.389
43.298
41.233
39.194
37.182
35.197
33.241
31.314
29.417
27.552
25.72
23.921
22.157
20.43
18.741
17.092
15.484
15.174
14.865
14.555
14.245
13.935
13.626
13.316
13.006
12.697
12.387
12.077
11.768
11.458
11.148
10.839
10.529
10.219
9.9097
9.6
9.2903
8.9806
8.671
8.3613
8.0516
7.7419
7.4323
7.1226
6.8129
6.5032
6.1935
5.8839
5.5742
5.2645
4.9548
4.6452
4.3355
4.0258
3.7161
3.4065
3.0968
2.7871
2.4774
2.1677
1.8581
1.5484
1.2387
0.92903
0.61935
0.30968
1.7764e-15
-0.30968
-0.61935
-0.92903
-1.2387
-1.5484
-1.8581
-2.1677
-2.4774
-2.7871
-3.0968
-3.4065
-3.7161
-4.0258
-4.3355
-4.6452
-4.9548
-5.2645
-5.5742
-5.8839
-6.1935
-6.5032
-6.8129
-7.1226
-7.4323
-7.7419
-8.0516
-8.3613
-8.671
-8.9806
-9.2903
-9.6
-9.9097
-10.219
-10.529
-10.839
-11.148
-11.458
-11.768
-12.077
-11.809
-9.0523
-8.1072
-7.1742
-6.254
-5.3473
-4.4546
-3.5766
-2.7141
-1.8675
-1.0376
-0.22489
0.56991
1.3462
2.1035
2.841
3.5583
4.2548
4.93
5.5832
6.2139
6.8217
7.406
7.9663
8.5022
9.0132
9.4988
9.9587
10.392
10.8
11.18
11.533
11.858
12.156
12.425
12.666
12.878
13.061
13.215
13.34
13.435
13.92
13.92
13.92
13.92
13.92
13.92
13.92
13.92
13.92
13.92
13.92
13.92
13.92
13.92
13.92
13.92
13.92
13.92
13.92
13.92
13.92
13.92
13.92
13.92
13.92
13.92
13.92
13.92
13.92
13.92
13.92
13.92
13.92
13.92
13.92
13.92
13.92
13.92
13.92
13.92
13.92
13.92
13.92
13.92
13.92
13.92
13.92
13.92
13.92
13.92
13.92
13.92
13.92
13.92
13.92
13.92
13.92
13.92
13.92
13.92
13.92
13.92
13.92
13.92
13.92
13.92
13.92
13.92
13.92
13.92
13.92
13.92
13.92
13.92
13.92
13.92
13.92
13.92
13.92
13.92
13.92
13.92
13.92
13.92
13.92
13.92
13.92
13.92
13.92
13.92
13.92
13.92
13.92
13.92
13.92
13.92
13.92
13.92
13.92
13.92
13.92
13.92
13.92
13.92
13.92
13.92
13.92
13.92
13.92
13.92
13.92
13.92
13.92
13.92
13.92
13.92
13.92
13.92
13.92
13.92
13.92
13.92
13.92
13.92
13.92
13.92
13.92
13.92
13.92
13.92
13.92
13.92
13.92
13.92
13.92
13.92
13.92
13.92
13.92
13.92
13.92
