13.92
13.92
13.92
13.92
13.92
13.92
13.92
13.92
13.92
13.92
13.92
13.92
13.92
13.92
13.92
13.92
13.92
13.92
13.92
13.92
12.646
11.374
10.104
8.8348
7.5673
6.3013
5.0369
3.774
2.5126
1.2528
-0.0054125
-1.2621
-2.5172
-3.7708
-5.0228
-6.2732
-7.522
-8.7693
-10.015
-11.259
-12.501
-13.742
-14.982
0
0
0
0
-13.92
-13.92
-13.92
-13.92
-13.92
-13.92
-13.92
-13.92
-13.92
-13.92
-13.92
-13.92
-13.92
-13.92
-13.92
-13.92
-13.92
-13.92
-13.92
-13.92
-13.92
-13.92
-13.92
-13.92
-13.92
-13.92
-13.92
-13.92
-13.92
-13.92
-13.92
-13.92
-13.92
-13.92
-13.92
-13.92
-13.92
-13.92
-13.92
-13.92
-13.92
-13.92
-13.92
-13.92
-13.92
-13.92
-13.92
-13.92
-13.92
-13.92
-13.92
-13.92
-13.92
-13.92
-13.92
-13.92
-13.92
-13.92
-13.92
-13.92
-13.92
-13.92
-13.92
-13.92
-13.92
-13.92
-13.92
-13.92
-13.92
-13.92
-13.92
-13.92
-13.92
-13.92
-13.92
-13.92
-13.92
-13.92
-13.92
-13.92
-13.92
-13.92
-13.92
-13.92
-13.92
-13.92
-13.92
-13.92
-13.92
-13.92
-13.92
-13.92
-13.92
-13.92
-13.92
-13.92
-13.92
-13.92
-13.92
-13.92
-13.92
-13.92
-13.92
-13.92
-13.92
-13.92
-13.92
-13.92
-13.92
-13.92
-13.92
-13.92
-13.92
-13.92
-13.92
-13.92
-13.92
-13.92
-13.92
-13.92
-13.92
-13.92
-13.92
-13.92
-13.92
-13.92
-13.92
-13.92
-13.92
-13.92
-13.92
-13.92
-13.92
-13.92
-13.611
-13.301
-12.992
-12.683
-12.373
-12.064
-11.755
-11.445
-11.136
-10.827
-10.517
-10.208
-9.8987
-9.5893
-9.28
-8.9707
-8.6613
-8.352
-8.0427
-7.7333
-7.424
-7.1147
-6.8053
-6.496
-6.1867
-5.8773
-5.568
-5.2587
-4.9493
-4.64
-4.3307
-4.0213
-3.712
-3.4027
-3.0933
-2.784
-2.4747
-2.1653
-1.856
-1.5467
-1.2373
-0.928
-0.61867
-0.30933
0
0.30933
0.61867
0.928
1.2373
1.5467
1.856
2.1653
2.4747
2.784
3.0933
3.4027
3.712
4.0213
4.3307
4.64
4.9493
5.2587
5.568
5.8773
6.1867
6.496
6.8053
7.1147
7.424
7.7333
8.0427
8.352
8.6613
8.9707
9.28
9.5893
9.8987
10.208
10.517
10.827
11.136
11.445
11.755
12.064
12.373
12.683
12.992
13.301
13.611
13.92
15.695
17.528
19.415
21.354
23.342
25.379
27.461
29.587
31.756
33.965
36.215
38.503
40.828
43.19
45.587
48.019
50.484
52.982
55.512
58.073
60.664
63.286
65.937
68.616
71.324
74.059
76.821
79.609
82.424
85.264
88.129
91.019
93.934
96.872
99.834
102.82
105.83
108.86
111.91
114.98
118.08
121.2
124.33
127.49
130.67
133.87
137.09
140.33
143.59
146.86
150.16
153.47
156.81
160.16
163.53
166.91
170.32
173.74
177.18
180.64
184.11
187.6
191.11
194.63
198.17
201.73
205.3
208.89
212.49
216.11
219.74
223.39
227.05
230.73
234.42
238.13
241.85
245.59
249.34
253.11
256.89
260.68
264.49
268.31
272.14
275.99
279.85
283.73
287.61
291.51
287.61
283.73
279.85
275.99
272.14
268.31
264.49
260.68
256.89
253.11
249.34
245.59
241.85
238.13
234.42
230.73
227.05
223.39
219.74
216.11
212.49
208.89
205.3
201.73
198.17
194.63
191.11
187.6
184.11
180.64
177.18
173.74
170.32
166.91
163.53
160.16
156.81
153.47
150.16
146.86
143.59
140.33
137.09
133.87
130.67
127.49
124.33
121.2
118.08
114.98
111.91
108.86
105.83
102.82
99.834
96.872
93.934
91.019
88.129
85.264
82.424
79.609
76.821
74.059
71.324
68.616
65.937
63.286
60.664
58.073
55.512
52.982
50.484
48.019
45.587
43.19
40.828
38.503
36.215
33.965
31.756
29.587
27.461
25.379
23.342
21.354
19.415
17.528
15.695
15.381
15.067
14.753
14.44
14.126
13.812
13.498
13.184
12.87
12.556
12.242
11.928
11.614
11.3
10.987
10.673
10.359
10.045
9.731
9.4171
9.1032
8.7893
8.4754
8.1615
7.8476
7.5337
7.2198
6.9059
6.592
6.278
5.9641
5.6502
5.3363
5.0224
4.7085
4.3946
4.0807
3.7668
3.4529
3.139
2.8251
2.5112
2.1973
1.8834
1.5695
1.2556
0.94171
0.6278
0.3139
1.7764e-15
-0.3139
-0.6278
-0.94171
-1.2556
-1.5695
-1.8834
-2.1973
-2.5112
-2.8251
-3.139
-3.4529
-3.7668
-4.0807
-4.3946
-4.7085
-5.0224
-5.3363
-5.6502
-5.9641
-6.278
-6.592
-6.9059
-7.2198
-7.5337
-7.8476
-8.1615
-8.4754
-8.7893
-9.1032
-9.4171
-9.731
-10.045
-10.359
-10.673
-10.987
-11.3
-11.614
-11.928
-12.242
-9.7938
-7.3453
-6.7455
-5.8126
-4.8924
-3.9856
-3.0929
-2.215
-1.3524
-0.50585
0.32409
1.1368
1.9316
2.7079
3.4651
4.2027
4.92
5.6165
6.2916
6.9448
7.5756
8.1833
8.7676
9.3279
9.8638
10.375
10.86
11.32
11.754
12.161
12.541
12.894
13.22
13.517
13.787
14.027
14.24
14.423
14.577
14.701
14.797
13.92
13.92
13.92
13.92
13.92
13.92
13.92
13.92
13.92
13.92
13.92
13.92
13.92
13.92
13.92
13.92
13.92
13.92
13.92
13.92
13.92
13.92
13.92
13.92
13.92
13.92
13.92
13.92
13.92
13.92
13.92
13.92
13.92
13.92
13.92
13.92
13.92
13.92
13.92
13.92
13.92
13.92
13.92
13.92
13.92
13.92
13.92
13.92
13.92
13.92
13.92
13.92
13.92
13.92
13.92
13.92
13.92
13.92
13.92
13.92
13.92
13.92
13.92
13.92
13.92
13.92
13.92
13.92
13.92
13.92
13.92
13.92
13.92
13.92
13.92
13.92
13.92
13.92
13.92
13.92
13.92
13.92
13.92
13.92
13.92
13.92
13.92
13.92
13.92
13.92
13.92
13.92
13.92
13.92
13.92
13.92
13.92
13.92
13.92
13.92
13.92
13.92
13.92
13.92
13.92
13.92
13.92
13.92
13.92
13.92
13.92
13.92
13.92
13.92
13.92
13.92
13.92
13.92
13.92
13.92
13.92
13.92
13.92
13.92
13.92
13.92
13.92
13.92
13.92
13.92
13.92
13.92
13.92
13.92
13.92
13.92
13.92
13.92
13.92
13.92
13.92
