320
320
320
320
320
320
320
320
320
320
320
320
320
320
320
320
320
320
320
320
320
320
320
320
320
320
320
320
320
320
320
320
320
320
320
320
320
320
320
320
320
320
320
320
320
320
320
320
320
320
320
320
320
320
320
320
320
320
320
320
320
320
320
320
320
320
320
320
320
320
320
320
320
320
320
320
320
320
320
320
320
320
320
320
320
320
320
320
320
320
320
320
320
320
320
320
320
320
320
320
320
320
320
320
320
320
320
320
320
320
320
320
320
320
320
320
320
320
320
320
320
320
320
320
320
320
320
320
320
320
320
320
320
320
320
320
320
320
320
320
320
320
320
320
320
320
320
320
320
320
320
320
320
320
320
320
320
320
320
320
320
320
320
320
320
320
320
320
320
320
320
320
320
320
320
320
320
320
320
320
320
320
320
320
320
320
320
320
320
320
320
320
320
320
320
320
320
320
320
320
320
320
320
320
320
320
320
320
320
320
320
320
320
320
320
320
320
320
320
320
320
320
320
320
320
320
320
320
320
320
320
320
320
320
320
320
320
320
320
320
320
320
320
320
320
320
320
320
320
320
320
320
320
320
320
320
320
320
320
320
320
320
320
320
320
320
320
320
320
320
320
320
320
320
320
320
320
320
320
320
320
320
320
320
320
322.13
324.59
327.08
329.6
332.15
334.73
337.33
339.96
342.62
345.3
348.01
350.74
353.49
356.27
359.07
361.9
364.74
367.61
370.49
373.4
376.33
379.28
382.24
385.23
388.24
391.26
394.3
397.36
400.44
403.53
406.64
409.77
412.91
416.07
419.25
422.44
425.64
428.87
432.1
435.35
438.62
441.9
445.19
448.5
451.82
455.15
458.5
461.86
465.24
468.62
472.02
475.43
478.86
482.29
485.74
489.2
492.67
496.15
499.64
503.15
506.66
510.19
513.72
517.27
520.83
524.39
527.97
531.56
535.16
538.76
542.38
546.01
549.64
553.29
556.94
560.6
556.94
553.29
549.64
546.01
542.38
538.76
535.16
531.56
527.97
524.39
520.83
517.27
513.72
510.19
506.66
503.15
499.64
496.15
492.67
489.2
485.74
482.29
478.86
475.43
472.02
468.62
465.24
461.86
458.5
455.15
451.82
448.5
445.19
441.9
438.62
435.35
432.1
428.87
425.64
422.44
419.25
416.07
412.91
409.77
406.64
403.53
400.44
397.36
394.3
391.26
388.24
385.23
382.24
379.28
376.33
373.4
370.49
367.61
364.74
361.9
359.07
356.27
353.49
350.74
348.01
345.3
342.62
339.96
337.33
334.73
332.15
329.6
327.08
324.59
322.13
320
320
320
320
320
320
320
320
320
320
320
320
320
320
320
320
320
320
320
320
320
320
320
320
320
320
320
320
320
320
320
320
320
320
320
320
320
320
320
320
320
320
320
320
320
320
320
320
320
320
320
320
320
320
320
320
320
320
320
320
320
320
320
320
320
320
320
320
320
320
320
320
320
320
320
320
320
320
320
320
320
320
320
320
320
320
320
320
320
320
320
320
320
320
320
320
320
320
320
320
320
320
320.23
320.97
325.09
324.41
323.74
323.06
322.38
321.71
321.03
320.35
320
320
320
320
320
320
320
320
320
320
320
320
320
320
320
320
320
320
320
320
320
320
320
320
320
320
320
320
320
320
320
320
320
320
320
320
320
320
320
320
320
320
320
320
320
320
320
320
320
320
320
320
320
320
320
320
320
320
320
320
320
320
320
320
320
320
320
320
320
320
320
320
320
320
320
320
320
320
320
320
320
320
320
320
320
320
320
320
320
320
320
320
320
320
320
320
320
320
320
320
320
320
320
320
320
320
320
320
320
320
320
320
320
320
320
320
320
320
320
320
320
320
320
320
320
320
320
320
320
320
320
320
320
320
320
320
320
320
320
320
320
320
320
320
320
320
320
320
320
320
320
320
320
320
320
320
320
320
320
320
320
320
320
320
320
320
320
320
320
320
320
320
320
