320
320
320
320
320
320
320
320
320
320
320
320
320
320
320
320
320
320
320
320
320
320
320
320
320
320
320
320
320
320
320
320
320
320
320
320
320
320
320
320
320
320
320
320
320
320
320
320
320
320
320
320
320
320
320
320
320
320
320
320
320
320
320
320
320
320
320
320
320
320
320
320
320
320
320
320
320
320
320
320
320
320
320
320
320
320
320
320
320
320
320
320
320
320
320
320
320
320
320
320
320
320
320
320
320
320
320
320
320
320
320
320
320
320
320
320
320
320
320
320
320
320
320
320
320
320
320
320
320
320
320
320
320
320
320
320
320
320
320
320
320
320
320
320
320
320
320
320
320
320
320
320
320
320
320
320
320
320
320
320
320
320
320
320
320
320
320
320
320
320
320
320
320
320
320
320
320
320
320
320
320
320
320
320
320
320
320
320
320
320
320
320
320
320
320
320
320
320
320
320
320
320
320
320
320
320
320
320
320
320
320
320
320
320
320
320
320
320
320
320
320
320
320
320
320
320
320
320
320
320
320
320
320
320
320
320
320
320
320
320
320
320
320
320
320
320
320
320
320
320
320
320
320
320
320
320
320
320
320
320
320
320
320
320
320
320
320
320
320
320
320
320
320
320
320
320
320
320
320
320
320
320
320
320
320
322.13
324.59
327.08
329.6
332.15
334.73
337.33
339.96
342.62
345.3
348.01
350.74
353.49
356.27
359.07
361.9
364.74
367.61
370.49
373.4
376.33
379.28
382.24
385.23
388.24
391.26
394.3
397.36
400.44
403.53
406.64
409.77
412.91
416.07
419.25
422.44
425.64
428.87
432.1
435.35
438.62
441.9
445.19
448.5
451.82
455.15
458.5
461.86
465.24
468.62
472.02
475.43
478.86
482.29
485.74
489.2
492.67
496.15
499.64
503.15
506.66
510.19
513.72
517.27
520.83
524.39
527.97
531.56
535.16
538.76
542.38
546.01
549.64
553.29
556.94
560.6
556.94
553.29
549.64
546.01
542.38
538.76
535.16
531.56
527.97
524.39
520.83
517.27
513.72
510.19
506.66
503.15
499.64
496.15
492.67
489.2
485.74
482.29
478.86
475.43
472.02
468.62
465.24
461.86
458.5
455.15
451.82
448.5
445.19
441.9
438.62
435.35
432.1
428.87
425.64
422.44
419.25
416.07
412.91
409.77
406.64
403.53
400.44
397.36
394.3
391.26
388.24
385.23
382.24
379.28
376.33
373.4
370.49
367.61
364.74
361.9
359.07
356.27
353.49
350.74
348.01
345.3
342.62
339.96
337.33
334.73
332.15
329.6
327.08
324.59
322.13
320
320
320
320
320
320
320
320
320
320
320
320
320
320
320
320
320
320
320
320
320
320
320
320
320
320.44
321.1
321.76
322.42
323.08
323.74
324.39
325.05
325.71
326.37
327.03
327.69
328.35
329.01
329.67
330.32
330.98
331.64
332.3
332.96
333.62
334.28
334.94
335.6
336.25
336.91
337.57
338.23
338.89
339.55
340.21
340.87
341.53
342.18
342.84
343.5
344.16
344.82
345.48
346.14
346.8
347.46
348.11
348.77
349.43
350.09
350.75
351.41
352.07
352.73
353.39
354.04
354.7
355.36
356.02
356.68
357.34
358
358.66
359.32
359.97
360.63
361.29
361.95
362.61
363.27
363.93
364.59
365.25
365.9
366.56
367.22
367.88
368.54
369.2
369.86
370.52
371.18
371.4
370.05
368.7
367.34
365.98
364.62
363.26
361.89
360.52
359.14
357.76
356.38
355
353.61
352.22
350.83
349.43
348.03
346.62
345.22
343.81
342.39
340.98
339.56
338.14
336.71
335.29
333.85
332.42
330.98
329.54
328.1
326.66
325.21
323.76
322.3
320.85
320
320
320
320
320
320
320
320
320
320
320
320
320
320
320
320
320
320
320
320
320
320
320
320
320
320
320
320
320
320
320
320
320
320
320
320
320
320
320
320
320
320
320
320
320
320
320
320
320
320
320
320
320
320
320
320
320
320
320
320
320
320
320
320
320
320
320
320
320
320
320
320
320
320
320
320
320
320
320
320
320
320
320
320
320
320
320
320
320
320
320
320
320
320
320
320
320
320
320
320
320
320
320
320
320
320
320
320
320
320
320
320
320
320
320
320
320
320
320
320
320
320
320
320
320
320
320
320
320
320
320
320
320
320
320
320
320
320
320
320
320
320
320
320
320
