13.92
13.92
13.92
13.92
13.92
13.92
13.92
13.92
13.92
13.92
13.92
13.92
13.92
13.92
13.92
13.92
13.92
13.92
13.92
13.92
13.92
12.912
11.904
10.898
9.8926
8.8881
7.8844
6.8817
5.88
4.8791
3.8792
2.8803
1.8823
0.88523
-0.11087
-1.106
-2.1002
-3.0934
-4.0856
-5.0769
-6.0671
-7.0564
-8.0447
-9.032
-10.018
-11.004
-11.988
-12.971
-13.954
-14.935
-15.915
-16.894
-17.872
-18.85
-19.826
-23.921
-23.921
-23.921
-23.921
-23.921
-23.921
-23.921
-23.921
-23.921
-23.921
-23.921
-23.921
-23.921
-23.921
-23.921
-23.921
-23.921
-23.921
-23.921
-23.921
-23.921
-23.921
-23.921
-23.921
-23.921
-23.921
-23.921
-23.921
-23.921
-23.921
-23.921
-23.921
-23.921
-23.921
-23.921
-23.921
-23.921
-23.921
-23.921
-23.921
-23.921
-23.921
-23.921
-23.921
-23.921
-23.921
-23.921
-23.921
-23.921
-23.921
-23.921
-23.921
-23.921
-23.921
-23.921
-23.921
-23.921
-23.921
-23.921
-23.921
-23.921
-23.921
-23.921
-23.921
-23.921
-23.921
-23.921
-23.921
-23.921
-23.921
-23.921
-23.921
-23.921
-23.921
-23.921
-23.921
-23.921
-23.921
-23.921
-23.921
-23.921
-23.921
-23.921
-23.921
-23.921
-23.921
-23.921
-23.921
-23.921
-23.921
-23.921
-23.921
-23.921
-23.921
-23.921
-23.921
-23.921
-23.921
-23.921
-23.921
-23.921
-23.921
-23.921
-23.921
-23.921
-23.921
-23.921
-23.921
-23.921
-23.921
-23.921
-23.921
-23.921
-23.921
-23.921
-23.921
-23.921
-23.921
-23.921
-23.921
-23.921
-23.921
-23.921
-23.921
-23.921
-23.612
-23.302
-22.993
-22.684
-22.374
-22.065
-21.756
-21.446
-21.137
-20.828
-20.518
-20.209
-19.9
-19.59
-19.281
-18.972
-18.662
-18.353
-18.044
-17.734
-17.425
-17.116
-16.806
-16.497
-16.188
-15.878
-15.569
-15.26
-14.95
-14.641
-14.332
-14.022
-13.713
-13.404
-13.094
-12.785
-12.476
-12.166
-11.857
-11.548
-11.238
-10.929
-10.62
-10.31
-10.001
-9.6917
-9.3824
-9.0731
-8.7637
-8.4544
-8.1451
-7.8357
-7.5264
-7.2171
-6.9077
-6.5984
-6.2891
-5.9797
-5.6704
-5.3611
-5.0517
-4.7424
-4.4331
-4.1237
-3.8144
-3.5051
-3.1957
-2.8864
-2.5771
-2.2677
-1.9584
-1.6491
-1.3397
-1.0304
-0.72105
-0.41172
-0.10239
0.20695
0.51628
0.82561
1.1349
1.4443
1.7536
2.0629
2.3723
2.6816
2.9909
3.3003
3.6096
3.9189
9.744
10.839
11.964
13.119
14.301
15.51
16.745
18.004
19.287
20.592
21.92
23.269
24.638
26.027
27.436
28.863
30.309
31.772
33.253
34.751
36.265
37.794
39.34
40.901
42.477
44.067
45.671
47.29
48.922
50.567
52.226
53.897
55.581
57.277
58.985
60.705
62.437
64.18
65.934
67.7
69.476
71.263
73.06
74.867
76.685
78.512
80.349
82.196
84.053
85.918
87.793
89.677
91.569
93.471
95.381
97.299
99.226
101.16
103.1
105.06
107.01
108.98
110.96
112.94
114.93
116.92
118.93
120.94
122.96
124.98
127.01
129.05
131.1
133.15
135.21
137.27
139.34
141.42
143.51
145.6
147.69
149.79
151.9
154.01
156.13
158.26
160.39
162.52
164.67
166.81
168.96
166.81
164.67
162.52
160.39
158.26
156.13
154.01
151.9
149.79
147.69
145.6
143.51
141.42
139.34
137.27
135.21
133.15
131.1
129.05
127.01
124.98
122.96
120.94
118.93
116.92
114.93
112.94
110.96
108.98
107.01
105.06
103.1
101.16
99.226
97.299
95.381
93.471
91.569
89.677
87.793
85.918
84.053
82.196
80.349
78.512
76.685
74.867
73.06
71.263
69.476
67.7
65.934
64.18
62.437
60.705
58.985
57.277
55.581
53.897
52.226
50.567
48.922
47.29
45.671
44.067
42.477
40.901
39.34
37.794
36.265
34.751
33.253
31.772
30.309
28.863
27.436
26.027
24.638
23.269
21.92
20.592
19.287
18.004
16.745
15.51
14.301
13.119
11.964
10.839
15.123
14.761
14.4
14.039
13.677
13.316
12.955
12.594
12.232
11.871
11.51
11.148
10.787
10.426
10.065
9.7032
9.3419
8.9806
8.6194
8.2581
7.8968
7.5355
7.1742
6.8129
6.4516
6.0903
5.729
5.3677
5.0064
4.6452
4.2839
3.9226
3.5613
3.2
2.8387
2.4774
2.1161
1.7548
1.3935
1.0323
0.67097
0.30968
-0.051613
-0.4129
-0.77419
-1.1355
-1.4968
-1.8581
-2.2194
-2.5806
-2.9419
-3.3032
-3.6645
-4.0258
-4.3871
-4.7484
-5.1097
-5.471
-5.8323
-6.1935
-6.5548
-6.9161
-7.2774
-7.6387
-8
-8.3613
-8.7226
-9.0839
-9.4452
-9.8064
-10.168
-10.529
-10.89
-11.252
-11.613
-11.974
-12.335
-12.697
-13.058
-13.419
-13.781
-14.142
-14.503
-14.865
-15.226
-15.587
-15.948
-16.31
-16.671
-13.337
-10.003
-1.8096
-0.99176
-0.19757
0.57262
1.3185
2.0399
2.7365
3.4081
4.0545
4.6756
5.2711
5.8409
6.3849
6.9031
7.3953
7.8615
8.3017
8.7158
9.1039
9.466
9.8021
10.112
10.397
10.656
10.889
11.097
11.279
11.437
11.57
11.679
11.763
11.823
11.859
11.873
11.863
11.83
11.775
11.698
11.6
13.92
13.92
13.92
13.92
13.92
13.92
13.92
13.92
13.92
13.92
13.92
13.92
13.92
13.92
13.92
13.92
13.92
13.92
13.92
13.92
13.92
13.92
13.92
13.92
13.92
13.92
13.92
13.92
13.92
13.92
13.92
13.92
13.92
13.92
13.92
13.92
13.92
13.92
13.92
13.92
13.92
13.92
13.92
13.92
13.92
13.92
13.92
13.92
13.92
13.92
13.92
13.92
13.92
13.92
13.92
13.92
13.92
13.92
13.92
13.92
13.92
13.92
13.92
13.92
13.92
13.92
13.92
13.92
13.92
13.92
13.92
13.92
13.92
13.92
13.92
13.92
13.92
13.92
13.92
13.92
13.92
13.92
13.92
13.92
13.92
13.92
13.92
13.92
13.92
13.92
13.92
13.92
13.92
13.92
13.92
13.92
13.92
13.92
13.92
13.92
13.92
13.92
13.92
13.92
13.92
13.92
13.92
13.92
13.92
13.92
13.92
13.92
13.92
13.92
13.92
13.92
13.92
13.92
13.92
13.92
13.92
13.92
13.92
13.92
13.92
13.92
13.92
13.92
13.92
13.92
13.92
13.92
13.92
13.92
13.92
13.92
13.92
13.92
13.92
13.92
13.92
