320
320
320
320
320
320
320
320
320
320
321.38
324.51
327.68
330.89
320
320
320
320
320
320
320
320
320
320
320
320
320
320
320
320
320
320
320
320
320
320
320
320
320
320
320
320
320
320
320
320
320
320
320
320
320
320
320
320
320
320
320
320
320
320
320
320
320
320
320
320
320
320
320
320
320
320
320
320
320
320
320
320
320
320
320
320
320
320
320
320
320
320
320
320
320
320
320
320
320
320
320
320
320
320
320
320
320
320
320
320
320
320
320
320
320
320
320
320
320
320
320
320
320
320
320
320
320
320
320
320
320
320
320
320
320
320
320
320
320
320
320
320
320
320
320
320
320
320
320
320
320
320
320
320
320
320
320
320
320
320
320
320
320
320
320
320
320
320
320
320
320
320
320
320
320
320
320
320
320
320
320
320
320
320
320
320
320
320
320
320
320
320
320
320
320
320
320
320
320
320
320
320
320
320
320
320
320
320
320
320
320
320
320
320
320
320
320
320
320
320
320
320
320
320
320
320
320
320
320
320
320
320
320
320
320
320
320
320
320
320
320
320
320
320
320
320
320
320
320
320
320
320
320
320
320
320
320
320
320
320
320
320
320
320
320
320
320
320
320
320
320
320
320
320
320
320
320
320
320
320
320
320
320
320
320
320
320
320
320
320
320
320
320
320
320
321.66
323.65
325.66
327.69
329.73
331.8
333.88
335.98
338.1
340.24
342.39
344.56
346.74
348.94
351.15
353.38
355.63
357.89
360.16
362.44
364.74
367.06
369.39
371.73
374.08
376.44
378.82
381.21
383.61
386.03
388.45
390.89
393.34
395.79
398.26
400.75
403.24
405.74
408.25
410.77
413.3
415.85
418.4
420.96
423.53
426.11
428.7
431.3
433.9
436.52
439.14
441.78
444.42
447.07
449.73
452.39
455.07
457.75
460.44
463.14
465.85
468.56
471.28
474.01
476.74
479.49
482.24
484.99
487.76
490.53
487.76
484.99
482.24
479.49
476.74
474.01
471.28
468.56
465.85
463.14
460.44
457.75
455.07
452.39
449.73
447.07
444.42
441.78
439.14
436.52
433.9
431.3
428.7
426.11
423.53
420.96
418.4
415.85
413.3
410.77
408.25
405.74
403.24
400.75
398.26
395.79
393.34
390.89
388.45
386.03
383.61
381.21
378.82
376.44
374.08
371.73
369.39
367.06
364.74
362.44
360.16
357.89
355.63
353.38
351.15
348.94
346.74
344.56
342.39
340.24
338.1
335.98
333.88
331.8
329.73
327.69
325.66
323.65
321.66
320
320
320
320
320
320
320
320
320
320
320
320
320
320
320
320
320
320
320
320
320
320
320
320
320
320
320
320
320
320
320
320
320
320
320
320
320
320
320
320
320
320
320
320
320
320
320
320
320
320
320
320
320
320
320
320
320
320
320
320
320
320
320
320
320
320
320
320
320
320
320
320
320
320
320
320
320
320
320
320
320
320
320
320
320
320
320
320
320
320
320
320
320
320
320
320
320
320
320
320
320
320
320
320
320
320
320
320
320
320
320
320
320
320
320
320
320
320
320
320
320
320
320
320
320
320
320
320
320
320
320
320
320
320
320
320
320
320
320
320
320
320
320
320
320
320
320
320
320
320
320
320
320
320
320
320
320
320
320
320
320
320
320
320
320
320
320
320
320
320
320
320
320
320
320
320
320
320
320
320
320
320
320
320
320
320
320
320
320
320
320
320
320
320
320
320
320
320
320
320
320
320
320
320
320
320
320
320
320
320
320
320
320
320
320
320
320
320
320
320
320
320
320
320
320
320
320
320
320
320
320
320
320
320
320
320
320
320
320
320
320
320
320
320
320
320
320
320
320
320
320
320
320
320
320
320
320
320
320
320
320
320
320
320
320
320
320
320
320
320
320
320
320
320
320
320
320
320
320
320
320
320
320
320
320
320
320
320
320
320
320
