320
320
320
320
320
320
320
320
320
320
320
320
320
320
320
320
320
320
320
320
320
320
320
320
320
320
320
320
320
320
320
320
320
320
320
320
320
320
320
320
320
320
320
320
320
320
320
320
320
320
320
320
320
320
320
320
320
320
320
320
320
320
320
320
320
320
320
320
320
320
320
320
320
320
320
320
320
320
320
320
320
320
320
320
320
320
320
320
320
320
320
320
320
320
320
320
320
320
320
320
320
320
320
320
320
320
320
320
320
320
320
320
320
320
320
320
320
320
320
320
320
320
320
320
320
320
320
320
320
320
320
320
320
320
320
320
320
320
320
320
320
320
320
320
320
320
320
320
320
320
320
320
320
320
320
320
320
320
320
320
320
320
320
320
320
320
320
320
320
320
320
320
320
320
320
320
320
320
320
320
320
320
320
320
320
320
320
320
320
320
320
320
320
320
320
320
320
320
320
320
320
320
320
320
320
320
320
320
320
320
320
320
320
320
320
320
320
320
320
320
320
320
320
320
320
320
320
320
320
320
320
320
320
320
320
320
320
320
320
320
320
320
320
320
320
320
320
320
320
320
320
320
320
320
320
320
320
320
320
320
320
320
320
320
320
320
320
320
320
320
320
320
320
320
320
320
321.73
325.72
329.8
333.97
338.21
342.53
346.92
351.39
355.92
360.52
365.19
369.93
374.72
379.58
384.5
389.47
394.5
399.59
404.74
409.94
415.19
420.49
425.84
431.25
436.7
442.2
447.75
453.35
458.99
464.67
470.4
476.18
482
487.86
493.76
499.7
505.69
511.71
517.78
523.88
530.02
536.2
542.42
548.67
554.97
561.29
567.66
574.06
580.49
586.96
593.46
600
606.57
613.17
619.81
626.48
633.18
639.91
646.68
653.47
660.3
667.16
674.04
680.96
687.91
694.88
701.89
708.92
715.99
723.08
730.2
737.34
744.52
751.72
758.95
766.21
773.49
780.8
788.13
795.49
802.88
810.3
817.73
825.2
832.69
825.2
817.73
810.3
802.88
795.49
788.13
780.8
773.49
766.21
758.95
751.72
744.52
737.34
730.2
723.08
715.99
708.92
701.89
694.88
687.91
680.96
674.04
667.16
660.3
653.47
646.68
639.91
633.18
626.48
619.81
613.17
606.57
600
593.46
586.96
580.49
574.06
567.66
561.29
554.97
548.67
542.42
536.2
530.02
523.88
517.78
511.71
505.69
499.7
493.76
487.86
482
476.18
470.4
464.67
458.99
453.35
447.75
442.2
436.7
431.25
425.84
420.49
415.19
409.94
404.74
399.59
394.5
389.47
384.5
379.58
374.72
369.93
365.19
360.52
355.92
351.39
346.92
342.53
338.21
333.97
329.8
325.72
321.73
320
320
320
320
320
320
320
320
320
320
320
320
320
320
320
320
320
320
320
320
320
320
320
320
320
320
320
320
320
320
320
320
320
320
320
320
320
320
320
320
320
320
320
320
320
320
320
320
320
320
320
320
320
320
320
320
320
320
320
320
320
320
320
320
320
320
320
320
320
320
320
320
320
320
320
320
320
320
320
320
320
320
320
320
320
320
320
320
320
320
320
320
320
320
320
320
320
320
320
320
320
320
320
320
320
320
320
320
320
320
320
320
320
320
320
320
320
320
320
320
320
320
320
320
320
320
320
320
320
320
320
320
320
320
320
320
320
320
320
320
320
320
320
320
320
320
320
320
320
320
320
320
320
320
320
320
320
320
320
320
320
320
320
320
320
320
320
320
320
320
320
320
320
320
320
320
320
320
320
320
320
320
320
320
320
320
320
320
320
320
320
320
320
320
320
320
320
320
320
320
320
320
320
320
320
320
320
320
320
320
320
320
320
320
320
320
320
320
320
320
320
320
320
320
320
320
320
320
320
320
320
320
320
320
320
320
320
320
320
320
320
320
320
320
320
320
320
320
320
320
320
320
320
320
320
320
320
320
320
320
320
320
320
320
320
320
320
320
320
320
320
320
320
320
320
320
