320
320
320
320
320
320
320
320
320
320
320
320
320
320
320
320
320
320
320
320
320
320
320
320
320
320
320
320
320
320
320
320
320
320
320
320
320
320
320
320
320
320
320
320
320
320
320
320
320
320
320
320
320
320
320
320
320
320
320
320
320
320
320
320
320
320
320
320
320
320
320
320
320
320
320
320
320
320
320
320
320
320
320
320
320
320
320
320
320
320
320
320
320
320
320
320
320
320
320
320
320
320
320
320
320
320
320
320
320
320
320
320
320
320
320
320
320
320
320
320
320
320
320
320
320
320
320
320
320
320
320
320
320
320
320
320
320
320
320
320
320
320
320
320
320
320
320
320
320
320
320
320
320
320
320
320
320
320
320
320
320
320
320
320
320
320
320
320
320
320
320
320
320
320
320
320
320
320
320
320
320
320
320
320
320
320
320
320
320
320
320
320
320
320
320
320
320
320
320
320
320
320
320
320
320
320
320
320
320
320
320
320
320
320
320
320
320
320
320
320
320
320
320
320
320
320
320
320
320
320
320
320
320
320
320
320
320
320
320
320
320
320
320
320
320
320
320
320
320
320
320
320
320
320
320
320
320
320
320
320
320
320
320
320
320
320
320
320
320
320
320
320
320
320
320
320
320
320
320
320
320
320
320
320
320
320
320
320
320
320
320
321.66
323.65
325.66
327.69
329.73
331.8
333.88
335.98
338.1
340.24
342.39
344.56
346.74
348.94
351.15
353.38
355.63
357.89
360.16
362.44
364.74
367.06
369.39
371.73
374.08
376.44
378.82
381.21
383.61
386.03
388.45
390.89
393.34
395.79
398.26
400.75
403.24
405.74
408.25
410.77
413.3
415.85
418.4
420.96
423.53
426.11
428.7
431.3
433.9
436.52
439.14
441.78
444.42
447.07
449.73
452.39
455.07
457.75
460.44
463.14
465.85
468.56
471.28
474.01
476.74
479.49
482.24
484.99
487.76
490.53
487.76
484.99
482.24
479.49
476.74
474.01
471.28
468.56
465.85
463.14
460.44
457.75
455.07
452.39
449.73
447.07
444.42
441.78
439.14
436.52
433.9
431.3
428.7
426.11
423.53
420.96
418.4
415.85
413.3
410.77
408.25
405.74
403.24
400.75
398.26
395.79
393.34
390.89
388.45
386.03
383.61
381.21
378.82
376.44
374.08
371.73
369.39
367.06
364.74
362.44
360.16
357.89
355.63
353.38
351.15
348.94
346.74
344.56
342.39
340.24
338.1
335.98
333.88
331.8
329.73
327.69
325.66
323.65
321.66
320
320
320
320
320
320
320
320
320
320
320
320
320
320
320
320
320
320
320
320
320
320
320
320
320
320
320
320
320
320
320
320
320
320
320
320
320
320
320
320
320
320
320
320
320
320
320
320
320
320
320
320
320
320
320
320
320
320
320
320
320
320
320
320
320
320
320
320
320
320
320
320
320
320
320
320
320
320
320
320
320
320
320
320
320
320
320
320
320
320
320
320
320
320
320
320
320
320
320
320
320
320
320
320
320
320
320
320
320
320
320
320
320
320
320
320
320
320
320
320
320
320
320
320
320
320
320
320
320
320
320
320
320
320
320
320
320
320
320
320
320
320
320
320
320
320
320
320
320
320
320
320
320
320
320
320
320
320
320
320
320
320
320
320
320
320
320
320
320
320
320
320
320
320.39
322.22
324.06
325.92
327.79
329.68
331.59
333.51
335.45
337.4
339.37
341.34
343.34
345.34
347.36
349.4
351.44
353.5
355.57
357.65
359.75
361.85
363.97
366.1
368.24
370.39
372.55
374.72
376.91
379.1
381.3
383.52
385.74
387.97
390.21
392.46
394.73
396.99
399.27
401.56
403.86
406.16
408.48
410.8
413.13
415.47
417.81
420.17
422.53
424.9
427.28
429.66
432.06
434.46
436.86
439.28
441.7
444.13
446.56
449
451.45
453.91
456.37
458.84
461.31
463.79
466.28
468.78
466.28
463.79
461.31
458.84
456.37
453.91
451.45
449
446.56
444.13
441.7
439.28
436.86
434.46
432.06
429.66
427.28
424.9
422.53
420.17
417.81
415.47
413.13
410.8
408.48
406.16
403.86
401.56
399.27
396.99
394.73
392.46
390.21
387.97
385.74
383.52
381.3
379.1
376.91
374.72
372.55
370.39
368.24
366.1
363.97
361.85
359.75
357.65
355.57
353.5
