23.777
17.777
23.777
17.777
23.777
17.777
23.777
17.777
23.777
17.777
23.777
17.777
23.777
17.777
23.777
17.777
23.777
17.777
15.777
17.777
17.777
16.77
15.763
14.758
13.753
12.75
11.747
10.745
9.7443
8.7444
7.7454
6.7473
5.7502
4.7541
3.7589
2.7647
1.7714
0.77907
-0.21228
-1.2027
-2.1921
-3.1805
-4.1679
-5.1544
-6.1398
-7.1243
-8.1077
-10.777
-0.77678
-10.777
-0.77678
-10.777
-0.77678
-10.777
-0.77678
-10.777
-0.77678
-10.777
-0.77678
-10.777
-0.77678
-10.777
-0.77678
-10.777
-0.77678
-10.777
-0.77678
-10.777
-0.77678
-10.777
-0.77678
-10.777
-0.77678
-10.777
-0.77678
-10.777
-0.77678
-10.777
-0.77678
-10.777
-0.77678
-10.777
-0.77678
-10.777
-0.77678
-10.777
-0.77678
-10.777
-0.77678
-10.777
-0.77678
-10.777
-0.77678
-10.777
-0.77678
-10.777
-0.77678
-10.777
-0.77678
-10.777
-0.77678
-10.777
-0.77678
-10.777
-0.77678
-10.777
-0.77678
-10.777
-0.77678
-10.777
-0.77678
-10.777
-0.77678
-10.777
-0.77678
-10.777
-0.77678
-10.777
-0.77678
-10.777
-0.77678
-10.777
-0.77678
-10.777
-0.77678
-10.777
-0.77678
-10.777
-0.77678
-10.777
-0.77678
-10.777
-0.77678
-10.777
-0.77678
-10.777
-0.77678
-10.777
-0.77678
-10.777
-0.77678
-10.777
-0.77678
-10.777
-0.77678
-10.777
-0.77678
-10.777
-0.77678
-10.777
-0.77678
-10.777
-0.77678
-10.777
-0.77678
-10.777
-0.77678
-10.777
-0.77678
-10.777
-0.77678
-10.777
-0.77678
-10.777
-0.77678
-10.777
-0.77678
-10.777
-0.77678
-10.777
-0.77678
-10.777
-0.77678
-10.777
-0.77678
-10.777
-0.77678
-10.777
-0.77678
-10.777
-15.382
-14.987
-14.592
-14.197
-13.802
-13.407
-13.012
-12.616
-12.221
-11.826
-11.431
-11.036
-10.641
-10.246
-9.8512
-9.4561
-9.0611
-8.6661
-8.271
-7.876
-7.4809
-7.0859
-6.6909
-6.2958
-5.9008
-5.5058
-5.1107
-4.7157
-4.3206
-3.9256
-3.5306
-3.1355
-2.7405
-2.3454
-1.9504
-1.5554
-1.1603
-0.76528
-0.37024
0.024802
0.41984
0.81488
1.2099
1.605
2
2.395
2.7901
3.1851
3.5802
3.9752
4.3702
4.7653
5.1603
5.5554
5.9504
6.3454
6.7405
7.1355
7.5306
7.9256
8.3206
8.7157
9.1107
9.5058
9.9008
10.296
10.691
11.086
11.481
11.876
12.271
12.666
13.061
13.456
13.851
14.246
14.641
15.036
15.431
15.826
16.221
16.616
17.012
17.407
17.802
18.197
18.592
18.987
19.382
19.777
11.136
12.387
13.673
14.993
16.344
17.726
19.137
20.576
22.041
23.533
25.05
26.592
28.156
29.744
31.354
32.985
34.637
36.309
38.001
39.712
41.442
43.19
44.956
46.739
48.539
50.356
52.19
54.039
55.903
57.783
59.678
61.587
63.511
65.449
67.4
69.365
71.344
73.335
75.339
77.356
79.385
81.426
83.479
85.543
87.62
89.707
91.806
93.915
96.035
98.166
100.31
102.46
104.62
106.79
108.97
111.17
113.37
115.58
117.8
120.02
122.26
124.51
126.76
129.03
131.3
133.58
135.87
138.16
140.47
142.78
145.1
147.43
149.76
152.11
154.46
156.82
159.18
161.55
163.93
166.32
168.71
171.11
173.52
175.93
178.35
180.78
183.21
185.65
188.09
190.54
193
190.54
188.09
185.65
183.21
180.78
178.35
175.93
173.52
171.11
168.71
166.32
163.93
161.55
159.18
156.82
154.46
152.11
149.76
147.43
145.1
142.78
140.47
138.16
135.87
133.58
131.3
129.03
126.76
124.51
122.26
120.02
117.8
115.58
113.37
111.17
108.97
106.79
104.62
102.46
100.31
98.166
96.035
93.915
91.806
89.707
87.62
85.543
83.479
81.426
79.385
77.356
75.339
73.335
71.344
69.365
67.4
65.449
63.511
61.587
59.678
57.783
55.903
54.039
52.19
50.356
48.539
46.739
44.956
43.19
41.442
39.712
38.001
36.309
34.637
32.985
31.354
29.744
28.156
26.592
25.05
23.533
22.041
20.576
19.137
17.726
16.344
14.993
13.673
12.387
10.505
10.172
9.8382
9.5047
9.1712
8.8377
8.5042
8.1707
7.8372
7.5037
7.1702
6.8367
6.5032
6.1697
5.8362
5.5027
5.1692
4.8357
4.5022
4.1687
3.8352
3.5017
3.1682
2.8347
2.5012
2.1677
1.8342
1.5007
1.1672
0.83375
0.50025
0.16675
-0.16675
-0.50025
-0.83375
-1.1672
-1.5007
-1.8342
-2.1677
-2.5012
-2.8347
-3.1682
-3.5017
-3.8352
-4.1687
-4.5022
-4.8357
-5.1692
-5.5027
-5.8362
-6.1697
-6.5032
-6.8367
-7.1702
-7.5037
-7.8372
-8.1707
-8.5042
-8.8377
-9.1712
-9.5047
-9.8382
-10.172
-10.505
-10.839
-11.172
-11.506
-11.839
-12.173
-12.506
-12.84
-13.173
-13.507
-13.84
-14.174
-14.507
-14.841
-15.174
-15.508
-15.841
-16.175
-16.508
-16.842
-17.175
-17.509
-17.842
-18.176
-18.509
-18.843
0
-7.2085
-6.4149
-5.6193
-4.8217
-4.0221
-3.2206
-2.4171
-1.6116
-0.80421
0.0051146
0.81635
1.6295
2.4445
3.2614
4.0802
4.9008
5.7233
6.5476
7.3737
8.2016
9.0313
9.8628
10.696
11.531
12.368
13.206
14.047
14.889
15.732
16.578
17.425
18.274
19.124
19.976
20.83
21.685
22.542
23.401
24.261
25.123
30.777
17.777
30.777
17.777
30.777
17.777
30.777
17.777
30.777
17.777
30.777
17.777
30.777
17.777
30.777
17.777
30.777
17.777
30.777
17.777
30.777
17.777
30.777
17.777
30.777
17.777
30.777
17.777
30.777
17.777
30.777
17.777
30.777
17.777
30.777
17.777
30.777
17.777
30.777
17.777
30.777
17.777
30.777
17.777
30.777
17.777
30.777
17.777
30.777
17.777
30.777
17.777
30.777
17.777
30.777
17.777
30.777
17.777
30.777
17.777
30.777
17.777
30.777
17.777
30.777
17.777
30.777
17.777
30.777
17.777
30.777
17.777
30.777
17.777
30.777
17.777
30.777
17.777
30.777
17.777
30.777
17.777
30.777
17.777
30.777
17.777
30.777
17.777
30.777
17.777
30.777
17.777
30.777
17.777
30.777
17.777
30.777
17.777
30.777
17.777
30.777
17.777
30.777
17.777
30.777
17.777
30.777
17.777
30.777
17.777
30.777
17.777
30.777
17.777
30.777
17.777
30.777
17.777
30.777
17.777
30.777
17.777
30.777
17.777
30.777
17.777
30.777
17.777
30.777
17.777
30.777
17.777
30.777
17.777
30.777
17.777
30.777
17.777
30.777
17.777
15.777
