15.802
15.802
15.802
15.802
15.802
15.802
15.802
15.802
15.802
15.802
15.802
15.802
15.802
15.802
15.802
15.802
15.802
15.802
15.802
15.802
15.802
14.794
13.786
12.78
11.775
10.77
9.7664
8.7637
7.7619
6.7611
5.7612
4.7622
3.7642
2.7672
1.7711
0.77597
-0.2182
-1.2114
-2.2036
-3.1949
-4.1852
-5.1744
-6.1627
-7.1501
-8.1364
-9.1217
-10.106
-11.089
-12.072
-11.061
-11.061
-11.061
-11.061
-11.061
-11.061
-11.061
-11.061
-11.061
-11.061
-11.061
-11.061
-11.061
-11.061
-11.061
-11.061
-11.061
-11.061
-11.061
-11.061
-11.061
-11.061
-11.061
-11.061
-11.061
-11.061
-11.061
-11.061
-11.061
-11.061
-11.061
-11.061
-11.061
-11.061
-11.061
-11.061
-11.061
-11.061
-11.061
-11.061
-11.061
-11.061
-11.061
-11.061
-11.061
-11.061
-11.061
-11.061
-11.061
-11.061
-11.061
-11.061
-11.061
-11.061
-11.061
-11.061
-11.061
-11.061
-11.061
-11.061
-11.061
-11.061
-11.061
-11.061
-11.061
-11.061
-11.061
-11.061
-11.061
-11.061
-11.061
-11.061
-11.061
-11.061
-11.061
-11.061
-11.061
-11.061
-11.061
-11.061
-11.061
-11.061
-11.061
-11.061
-11.061
-11.061
-11.061
-11.061
-11.061
-11.061
-11.061
-11.061
-11.061
-11.061
-11.061
-11.061
-11.061
-11.061
-11.061
-11.061
-11.061
-11.061
-11.061
-11.061
-11.061
-11.061
-11.061
-11.061
-11.061
-11.061
-11.061
-11.061
-11.061
-11.061
-11.061
-11.061
-11.061
-11.061
-11.061
-11.061
-11.061
-11.061
-11.061
-11.061
-11.061
-11.061
-11.061
-11.061
-11.061
-11.061
-11.061
-10.785
-10.508
-10.232
-9.9552
-9.6787
-9.4022
-9.1256
-8.8491
-8.5726
-8.296
-8.0195
-7.743
-7.4664
-7.1899
-6.9134
-6.6368
-6.3603
-6.0838
-5.8072
-5.5307
-5.2542
-4.9776
-4.7011
-4.4246
-4.148
-3.8715
-3.5949
-3.3184
-3.0419
-2.7653
-2.4888
-2.2123
-1.9357
-1.6592
-1.3827
-1.1061
-0.8296
-0.55307
-0.27653
1.2434e-15
0.27653
0.55307
0.8296
1.1061
1.3827
1.6592
1.9357
2.2123
2.4888
2.7653
3.0419
3.3184
3.5949
3.8715
4.148
4.4246
4.7011
4.9776
5.2542
5.5307
5.8072
6.0838
6.3603
6.6368
6.9134
7.1899
7.4664
7.743
8.0195
8.296
8.5726
8.8491
9.1256
9.4022
9.6787
9.9552
10.232
10.508
10.785
11.061
11.338
11.614
11.891
12.168
12.444
12.721
12.997
13.274
13.55
13.827
9.744
10.839
11.964
13.119
14.301
15.51
16.745
18.004
19.287
20.592
21.92
23.269
24.638
26.027
27.436
28.863
30.309
31.772
33.253
34.751
36.265
37.794
39.34
40.901
42.477
44.067
45.671
47.29
48.922
50.567
52.226
53.897
55.581
57.277
58.985
60.705
62.437
64.18
65.934
67.7
69.476
71.263
73.06
74.867
76.685
78.512
80.349
82.196
84.053
85.918
87.793
89.677
91.569
93.471
95.381
97.299
99.226
101.16
103.1
105.06
107.01
108.98
110.96
112.94
114.93
116.92
118.93
120.94
122.96
124.98
127.01
129.05
131.1
133.15
135.21
137.27
139.34
141.42
143.51
145.6
147.69
149.79
151.9
154.01
156.13
158.26
160.39
162.52
164.67
166.81
168.96
166.81
164.67
162.52
160.39
158.26
156.13
154.01
151.9
149.79
147.69
145.6
143.51
141.42
139.34
137.27
135.21
133.15
131.1
129.05
127.01
124.98
122.96
120.94
118.93
116.92
114.93
112.94
110.96
108.98
107.01
105.06
103.1
101.16
99.226
97.299
95.381
93.471
91.569
89.677
87.793
85.918
84.053
82.196
80.349
78.512
76.685
74.867
73.06
71.263
69.476
67.7
65.934
64.18
62.437
60.705
58.985
57.277
55.581
53.897
52.226
50.567
48.922
47.29
45.671
44.067
42.477
40.901
39.34
37.794
36.265
34.751
33.253
31.772
30.309
28.863
27.436
26.027
24.638
23.269
21.92
20.592
19.287
18.004
16.745
15.51
14.301
13.119
11.964
10.839
-23.613
-24
-24.387
-24.774
-25.161
-25.548
-25.935
-26.323
-26.71
-27.097
-27.484
-27.871
-28.258
-28.645
-29.032
-29.419
-29.806
-30.194
-30.581
-30.968
-31.355
-31.742
-32.129
-32.516
-32.903
-33.29
-33.677
-34.065
-34.452
-34.839
-35.226
-35.613
-36
-36.387
-36.774
-37.161
-37.548
-37.935
-38.323
-38.71
-39.097
-39.484
-39.871
-40.258
-40.645
-41.032
-41.419
-41.806
-42.194
-42.581
-42.968
-43.355
-43.742
-44.129
-44.516
-44.903
-45.29
-45.677
-46.064
-46.452
-46.839
-47.226
-47.613
-48
-48.387
-48.774
-49.161
-49.548
-49.935
-50.323
-50.71
-51.097
-51.484
-51.871
-52.258
-52.645
-53.032
-53.419
-53.806
-54.194
-54.581
-54.968
-55.355
-55.742
-56.129
-56.516
-56.903
-57.29
-57.677
-57.806
-57.015
-56.221
-55.425
-54.627
-53.827
-53.025
-52.222
-51.416
-50.608
-49.799
-48.987
-48.174
-47.358
-46.541
-45.722
-44.901
-44.078
-43.254
-42.427
-41.599
-40.769
-39.937
-39.103
-38.268
-37.431
-36.592
-35.751
-34.909
-34.065
-33.219
-32.372
-31.522
-30.672
-29.819
-28.965
-28.109
-27.252
-26.393
-25.532
-24.669
13.92
13.92
13.92
13.92
13.92
13.92
13.92
13.92
13.92
13.92
13.92
13.92
13.92
13.92
13.92
13.92
13.92
13.92
13.92
13.92
13.92
13.92
13.92
13.92
13.92
13.92
13.92
13.92
13.92
13.92
13.92
13.92
13.92
13.92
13.92
13.92
13.92
13.92
13.92
13.92
13.92
13.92
13.92
13.92
13.92
13.92
13.92
13.92
13.92
13.92
13.92
13.92
13.92
13.92
13.92
13.92
13.92
13.92
13.92
13.92
13.92
13.92
13.92
13.92
13.92
13.92
13.92
13.92
13.92
13.92
13.92
13.92
13.92
13.92
13.92
13.92
13.92
13.92
13.92
13.92
13.92
13.92
13.92
13.92
13.92
13.92
13.92
13.92
13.92
13.92
13.92
13.92
13.92
13.92
13.92
13.92
13.92
13.92
13.92
13.92
13.92
13.92
13.92
13.92
13.92
13.92
13.92
13.92
13.92
13.92
13.92
13.92
13.92
13.92
13.92
13.92
13.92
13.92
13.92
13.92
13.92
13.92
13.92
13.92
13.92
13.92
13.92
13.92
13.92
13.92
13.92
13.92
13.92
13.92
13.92
13.92
13.92
13.92
13.92
13.92
13.92
