15.802
17.746
19.75
21.809
23.921
26.084
28.295
30.552
32.853
35.197
37.582
40.007
42.469
44.969
35.689
31.049
26.409
21.769
17.129
17.129
17.129
16.121
15.113
14.107
13.102
12.097
11.093
10.091
9.0889
8.0881
7.0882
6.0892
5.0912
4.0942
3.0981
2.1029
1.1088
0.11556
-0.87667
-1.8679
-2.8582
-3.8475
-4.8358
-5.8231
-6.8094
-7.7947
-8.779
-9.7623
-10.745
-11.061
-11.061
-11.061
-11.061
-11.061
-11.061
-11.061
-11.061
-11.061
-11.061
-11.061
-11.061
-11.061
-11.061
-11.061
-11.061
-11.061
-11.061
-11.061
-11.061
-11.061
-11.061
-11.061
-11.061
-11.061
-11.061
-11.061
-11.061
-11.061
-11.061
-11.061
-11.061
-11.061
-11.061
-11.061
-11.061
-11.061
-11.061
-11.061
-11.061
-11.061
-11.061
-11.061
-11.061
-11.061
-11.061
-11.061
-11.061
-11.061
-11.061
-11.061
-11.061
-11.061
-11.061
-11.061
-11.061
-11.061
-11.061
-11.061
-11.061
-11.061
-11.061
-11.061
-11.061
-11.061
-11.061
-11.061
-11.061
-11.061
-11.061
-11.061
-11.061
-11.061
-11.061
-11.061
-11.061
-11.061
-11.061
-11.061
-11.061
-11.061
-11.061
-11.061
-11.061
-11.061
-11.061
-11.061
-11.061
-11.061
-11.061
-11.061
-11.061
-11.061
-11.061
-11.061
-11.061
-11.061
-11.061
-11.061
-11.061
-11.061
-11.061
-11.061
-11.061
-11.061
-11.061
-11.061
-11.061
-11.061
-11.061
-11.061
-11.061
-11.061
-11.061
-11.061
-11.061
-11.061
-11.061
-11.061
-11.061
-11.061
-11.061
-11.061
-11.061
-11.061
-11.061
-11.061
-11.061
-11.061
-11.061
-11.061
-10.762
-10.462
-10.162
-9.8624
-9.5626
-9.2628
-8.9631
-8.6633
-8.3636
-8.0638
-7.7641
-7.4643
-7.1645
-6.8648
-6.565
-6.2653
-5.9655
-5.6658
-5.366
-5.0663
-4.7665
-4.4667
-4.167
-3.8672
-3.5675
-3.2677
-2.968
-2.6682
-2.3684
-2.0687
-1.7689
-1.4692
-1.1694
-0.86966
-0.56991
-0.27015
0.029605
0.32936
0.62912
0.92887
1.2286
1.5284
1.8281
2.1279
2.4277
2.7274
3.0272
3.3269
3.6267
3.9264
4.2262
4.5259
4.8257
5.1255
5.4252
5.725
6.0247
6.3245
6.6242
6.924
7.2238
7.5235
7.8233
8.123
8.4228
8.7225
9.0223
9.322
9.6218
9.9216
10.221
10.521
10.821
11.121
11.42
11.72
12.02
12.32
12.619
12.919
13.219
13.519
13.818
14.118
14.418
14.718
15.017
15.317
15.617
15.917
9.744
10.839
11.964
13.119
14.301
15.51
16.745
18.004
19.287
20.592
21.92
23.269
24.638
26.027
27.436
28.863
30.309
31.772
33.253
34.751
36.265
37.794
39.34
40.901
42.477
44.067
45.671
47.29
48.922
50.567
52.226
53.897
55.581
57.277
58.985
60.705
62.437
64.18
65.934
67.7
69.476
71.263
73.06
74.867
76.685
78.512
80.349
82.196
84.053
85.918
87.793
89.677
91.569
93.471
95.381
97.299
99.226
101.16
103.1
105.06
107.01
108.98
110.96
112.94
114.93
116.92
118.93
120.94
122.96
124.98
127.01
129.05
131.1
133.15
135.21
137.27
139.34
141.42
143.51
145.6
147.69
149.79
151.9
154.01
156.13
158.26
160.39
162.52
164.67
166.81
168.96
166.81
164.67
162.52
160.39
158.26
156.13
154.01
151.9
149.79
147.69
145.6
143.51
141.42
139.34
137.27
135.21
133.15
131.1
129.05
127.01
124.98
122.96
120.94
118.93
116.92
114.93
112.94
110.96
108.98
107.01
105.06
103.1
101.16
99.226
97.299
95.381
93.471
91.569
89.677
87.793
85.918
84.053
82.196
80.349
78.512
76.685
74.867
73.06
71.263
69.476
67.7
65.934
64.18
62.437
60.705
58.985
57.277
55.581
53.897
52.226
50.567
48.922
47.29
45.671
44.067
42.477
40.901
39.34
37.794
36.265
34.751
33.253
31.772
30.309
28.863
27.436
26.027
24.638
23.269
21.92
20.592
19.287
18.004
16.745
15.51
14.301
13.119
11.964
10.839
10.586
10.333
10.08
9.8271
9.5742
9.3213
9.0684
8.8155
8.5626
8.3097
8.0568
7.8039
7.551
7.2981
7.0452
6.7923
6.5394
6.2864
6.0335
5.7806
5.5277
5.2748
5.0219
4.769
4.5161
4.2632
4.0103
3.7574
3.5045
3.2516
2.9987
2.7458
2.4929
2.24
1.9871
1.7342
1.4813
1.2284
0.97548
0.72258
0.46968
0.21677
-0.036129
-0.28903
-0.54194
-0.79484
-1.0477
-1.3006
-1.5535
-1.8065
-2.0594
-2.3123
-2.5652
-2.8181
-3.071
-3.3239
-3.5768
-3.8297
-4.0826
-4.3355
-4.5884
-4.8413
-5.0942
-5.3471
-5.6
-5.8529
-6.1058
-6.3587
-6.6116
-6.8645
-7.1174
-7.3703
-7.6232
-7.8761
-8.129
-8.3819
-8.6348
-8.8877
-9.1406
-9.3935
-9.6464
-9.8994
-10.152
-10.405
-10.658
-10.911
-11.164
-11.417
-11.67
0
-9.2082
-8.4144
-7.6185
-6.8206
-6.0208
-5.219
-4.4151
-3.6094
-2.8017
-1.9921
-1.1805
-0.36708
0.44826
1.2655
2.0846
2.9055
3.7283
4.5529
5.3794
6.2076
7.0377
7.8695
8.7032
9.5385
10.376
11.215
12.055
12.898
13.742
14.587
15.435
16.284
17.135
17.987
18.842
19.697
20.555
21.414
22.275
23.137
13.92
13.92
13.92
13.92
13.92
13.92
13.92
13.92
13.92
13.92
13.92
13.92
13.92
13.92
13.92
13.92
13.92
13.92
13.92
13.92
13.92
13.92
13.92
13.92
13.92
13.92
13.92
13.92
13.92
13.92
13.92
13.92
13.92
13.92
13.92
13.92
13.92
13.92
13.92
13.92
13.92
13.92
13.92
13.92
13.92
13.92
13.92
13.92
13.92
13.92
13.92
13.92
13.92
13.92
13.92
13.92
13.92
13.92
13.92
13.92
13.92
13.92
13.92
13.92
13.92
13.92
13.92
13.92
13.92
13.92
13.92
13.92
13.92
13.92
13.92
13.92
13.92
13.92
13.92
13.92
13.92
13.92
13.92
13.92
13.92
13.92
13.92
13.92
13.92
13.92
13.92
13.92
13.92
13.92
13.92
13.92
13.92
13.92
13.92
13.92
13.92
13.92
13.92
13.92
13.92
13.92
13.92
13.92
13.92
13.92
13.92
13.92
13.92
13.92
13.92
13.92
13.92
13.92
13.92
13.92
13.92
13.92
13.92
13.92
13.92
13.92
13.92
13.92
13.92
13.92
13.92
13.92
13.92
13.92
13.92
18.139
18.139
18.139
18.139
18.139
18.139
