25.362
24.68
24
23.321
22.645
21.972
21.302
20.635
19.973
19.316
18.663
18.015
17.374
16.738
16.108
15.486
14.87
15.314
13.92
13.92
13.92
13.92
13.92
13.92
13.92
13.92
13.92
13.92
13.92
13.92
13.92
13.92
13.92
13.92
13.92
13.92
13.92
13.92
13.92
13.92
13.92
13.92
13.92
13.92
13.92
13.92
13.92
13.92
13.92
13.92
13.92
13.92
13.92
13.92
13.92
13.92
13.92
13.92
13.92
13.92
13.92
13.92
13.92
13.92
13.92
13.92
13.92
13.92
13.92
13.92
13.92
13.92
13.92
13.92
13.92
13.92
13.92
13.92
13.92
13.92
13.92
13.92
13.92
13.92
13.92
13.92
13.92
13.92
13.92
13.92
13.92
13.92
13.92
13.92
13.92
13.92
13.92
13.92
13.92
13.92
13.92
13.92
13.92
13.92
13.92
13.92
13.92
13.92
13.92
13.92
13.92
13.92
13.92
13.92
13.92
13.92
13.92
13.92
13.92
13.92
13.92
13.92
13.92
13.92
13.92
13.92
13.92
13.92
13.92
13.92
13.92
13.92
13.92
13.92
13.92
13.92
13.92
13.92
13.92
13.92
13.92
13.92
13.92
13.92
13.92
13.92
13.92
13.92
13.92
13.92
13.92
13.92
13.92
13.92
13.92
13.92
13.92
13.92
13.92
13.92
13.92
13.92
13.92
13.92
13.92
13.92
13.92
13.92
13.92
13.92
13.92
13.92
13.92
13.92
13.92
13.92
13.92
13.92
13.92
13.92
13.92
14.451
14.985
15.521
16.059
16.599
17.14
17.682
18.224
18.766
19.308
19.849
20.388
20.927
21.463
21.997
22.529
23.057
23.582
24.104
24.621
25.134
25.642
26.145
26.642
27.134
27.804
28.483
29.171
29.868
30.574
31.288
32.01
32.741
33.478
34.223
34.975
35.733
36.498
37.269
39.301
40.019
40.74
41.465
42.193
42.924
43.659
44.397
45.139
45.884
46.632
47.383
48.137
48.895
49.656
50.42
51.187
51.957
52.731
53.507
54.286
55.069
55.854
56.642
57.434
58.228
59.025
59.825
60.628
61.434
62.242
63.053
63.867
64.684
65.504
66.326
67.151
67.979
68.81
69.643
70.479
71.317
72.158
73.002
73.848
74.697
75.548
76.402
77.258
78.117
78.979
79.843
80.709
81.578
82.449
83.323
84.199
85.078
85.959
86.842
87.728
88.616
89.506
90.399
91.294
92.191
93.091
93.993
94.897
95.804
96.712
97.623
98.537
99.452
100.37
101.29
102.21
103.14
104.06
104.99
105.92
106.85
107.79
108.73
109.67
110.61
111.55
112.5
113.44
114.39
115.34
116.3
117.25
118.21
119.17
120.13
121.1
122.06
123.03
124
124.97
125.94
126.89
127.82
128.74
129.65
130.54
131.41
132.27
133.11
133.93
134.73
135.52
136.29
137.04
137.77
138.48
139.17
139.84
140.5
141.13
141.74
142.33
142.9
143.45
143.98
144.48
144.96
145.42
145.86
146.28
146.67
147.03
147.38
147.7
147.99
148.26
148.51
148.73
148.92
149.09
148.92
148.73
148.51
148.26
147.99
147.7
147.38
147.03
146.67
146.28
145.86
145.42
144.96
144.48
143.98
143.45
142.9
142.33
141.74
141.13
140.5
139.84
139.17
138.48
137.77
137.04
136.29
135.52
134.73
133.93
133.11
132.27
131.41
130.54
129.65
128.74
127.82
126.89
125.94
124.97
124
123.03
122.06
121.1
120.13
119.17
118.21
117.25
116.3
115.34
114.39
113.44
112.5
111.55
110.61
109.67
108.73
107.79
106.85
105.92
104.99
104.06
103.14
102.21
101.29
100.37
99.452
98.537
97.623
96.712
95.804
94.897
93.993
93.091
92.191
91.294
90.399
89.506
88.616
87.728
86.842
85.959
85.078
84.199
83.323
82.449
81.578
80.709
79.843
78.979
78.117
77.258
76.402
75.548
74.697
73.848
73.002
72.158
71.317
70.479
69.643
68.81
67.979
67.151
66.326
65.504
64.684
63.867
63.053
62.242
61.434
60.628
59.825
59.025
58.228
57.434
56.642
55.854
55.069
54.286
53.507
52.731
51.957
51.187
50.42
49.656
48.895
48.137
47.383
46.632
45.884
45.139
44.397
43.659
42.924
42.193
41.465
40.74
40.019
39.301
38.587
37.877
37.17
36.466
35.766
35.07
34.378
33.69
33.005
32.324
31.647
30.974
30.305
29.64
28.978
28.321
27.669
27.02
26.375
25.735
25.099
24.468
23.841
23.218
22.6
21.987
21.378
20.774
20.175
19.58
18.991
18.406
17.827
17.253
16.684
16.12
15.562
15.009
14.462
13.92
14.401
14.893
15.395
15.907
16.43
16.963
17.505
18.058
18.619
19.191
19.771
20.36
20.958
21.564
22.178
22.8
23.43
24.067
24.712
25.363
25.363
25.363
25.363
25.363
25.363
25.363
25.363
25.363
25.363
25.363
25.363
25.363
25.363
25.363
25.363
25.363
25.363
25.363
25.363
25.363
25.363
25.363
25.363
25.363
25.363
25.363
25.363
25.363
25.363
25.363
25.363
25.363
25.363
25.363
25.363
25.363
25.363
25.363
25.363
25.363
25.363
25.363
25.363
25.363
25.363
25.363
25.363
25.363
25.363
25.363
25.363
25.363
25.363
25.363
25.363
25.363
25.363
25.363
25.363
25.363
25.363
25.363
25.363
25.363
25.363
25.363
25.363
25.363
25.363
25.363
25.363
25.363
25.363
25.363
25.363
25.363
25.363
25.363
25.363
25.363
25.363
25.363
25.363
25.363
25.363
25.363
25.363
25.363
25.363
25.363
25.363
25.363
25.363
25.363
25.363
25.363
25.363
25.363
25.363
25.363
25.363
25.363
25.363
25.363
25.363
25.363
25.363
25.363
25.363
25.363
25.363
25.363
25.363
25.363
25.363
25.363
25.363
25.363
25.363
25.363
25.363
25.363
25.363
25.363
25.363
25.363
25.363
25.363
25.363
25.363
25.363
25.363
25.363
25.363
25.363
25.363
25.363
25.363
25.363
25.363
25.363
25.363
25.363
25.363
25.363
25.363
25.363
25.363
25.363
25.363
25.363
25.363
25.363
25.363
25.363
25.363
25.363
25.363
25.363
25.363
