320
320
320
320
320
320
320
320
320
320
320
320
320
320
320
320
320
320
320
320
320
320
320
320
320
320
320
320
320
320
320
320
320
320
320
320
320
320
320
320
320
320
320
320
320
320
320
320
320
320
320
320
320
320
320
320
320
320
320
320
320
320
320
320
320
320
320
320
320
320
320
320
320
320
320
320
320
320
320
320
320
320
320
320
320
320
320
320
320
320
320
320
320
320
320
320
320
320
320
320
320
320
320
320
320
320
320
320
320
320
320
320
320
320
320
320
320
320
320
320
320
320
320
320
320
320
320
320
320
320
320
320
320
320
320
320
320
320
320
320
320
320
320
320
320
320
320
320
320
320
320
320
320
320
320
320
320
320
320
320
320
320
320
320
320
320
320
320
320
320
320
320
320
320
320
320
320
320
320
320
320
320
320
320
320
320
320
320
320
320
320
320
320
320
320
320
320
320
320
320
320
320
320
320
320
320
320
320
320
320
320
320
320
320
320
320
320
320
320
320
320
320
320
320
320
320
320
320
320
320
320
320
320
320
320
320
320
320
320
320
320
320
320
320
320
320
320
320
320
320
320
320
320
320
320
320
320
320
320
320
320
320
320
320
320
320
320
320
320
320
320
320
320
320
320
320
320
320
321.83
325.13
328.49
331.91
335.37
338.89
342.46
346.07
349.73
353.44
357.18
360.98
364.81
368.68
372.59
376.55
380.53
384.56
388.62
392.72
396.85
401.02
405.22
409.45
413.71
418
422.33
426.68
431.07
435.48
439.92
444.39
448.89
453.41
457.96
462.54
467.14
471.76
476.41
481.09
485.79
490.51
495.26
500.03
504.82
509.63
514.47
519.32
524.2
529.1
534.02
538.96
543.92
548.9
553.9
558.91
563.95
569.01
574.08
579.17
584.28
589.41
594.55
599.71
604.89
610.08
615.3
620.52
625.77
631.03
636.3
641.59
646.9
652.22
657.55
662.91
668.27
673.65
679.04
684.45
689.87
695.31
700.75
695.31
689.87
684.45
679.04
673.65
668.27
662.91
657.55
652.22
646.9
641.59
636.3
631.03
625.77
620.52
615.3
610.08
604.89
599.71
594.55
589.41
584.28
579.17
574.08
569.01
563.95
558.91
553.9
548.9
543.92
538.96
534.02
529.1
524.2
519.32
514.47
509.63
504.82
500.03
495.26
490.51
485.79
481.09
476.41
471.76
467.14
462.54
457.96
453.41
448.89
444.39
439.92
435.48
431.07
426.68
422.33
418
413.71
409.45
405.22
401.02
396.85
392.72
388.62
384.56
380.53
376.55
372.59
368.68
364.81
360.98
357.18
353.44
349.73
346.07
342.46
338.89
335.37
331.91
328.49
325.13
321.83
320
320
320
320
320
320
320
320
320
320
320
320
320
320
320
320
320
320
320
320
320
320
320
320
320
320
320
320
320
320
320
320
320
320
320
320
320
320
320
320
320
320
320
320
320
320
320
320
320
320
320
320
320
320
320
320
320
320
320
320
320
320
320
320
320
320
320
320
320
320
320
320
320
320
320
320
320
320
320
320
320
320
320
320
320
320
320
320
320
320
320
320
320
320
320
320
320
320
320
320
320
320
320
320
320
320
320
320
320
320
320
320
320
320
320
320
320
320
320
320
320
320
320
320
320
320
320
320
320
320
320
320
320
320
320
320
320
320
320
320
320
320
320
320
320
320
320
320
320
320
320
320
320
320
320
320
320
320
320
320
320
320
320
320
320
320
320
320
320
320
320
320
320
320
320
320
320
320
320
320
320
320
320
320
320
320
320
320
320
320
320
320
320
320
320
320
320
320
320
320
320
320
320
320
320
320
320
320
320
320
320
320
320
320
320
320
320
320
320
320
320
320
320
320
320
320
320
320
320
320
320
320
320
320
320
320
320
320
320
320
320
320
320
320
320
320
320
320
320
320
320
320
320
320
320
320
320
320
320
320
320
320
320
320
320
320
320
320
320
320
320
320
320
320
320
320
320
320
