33.314
32.125
30.942
29.765
28.596
27.435
26.283
25.142
24.012
22.893
21.787
20.695
19.617
18.555
17.508
16.479
15.468
16.196
13.92
13.92
13.92
13.92
13.92
13.92
13.92
13.92
13.92
13.92
13.92
13.92
13.92
13.92
13.92
13.92
13.92
13.92
13.92
13.92
13.92
13.92
13.92
13.92
13.92
13.92
13.92
13.92
13.92
13.92
13.92
13.92
13.92
13.92
13.92
13.92
13.92
13.92
13.92
13.92
13.92
13.92
13.92
13.92
13.92
13.92
13.92
13.92
13.92
13.92
13.92
13.92
13.92
13.92
13.92
13.92
13.92
13.92
13.92
13.92
13.92
13.92
13.92
13.92
13.92
13.92
13.92
13.92
13.92
13.92
13.92
13.92
13.92
13.92
13.92
13.92
13.92
13.92
13.92
13.92
13.92
13.92
13.92
13.92
13.92
13.92
13.92
13.92
13.92
13.92
13.92
13.92
13.92
13.92
13.92
13.92
13.92
13.92
13.92
13.92
13.92
13.92
13.92
13.92
13.92
13.92
13.92
13.92
13.92
13.92
13.92
13.92
13.92
13.92
13.92
13.92
13.92
13.92
13.92
13.92
13.92
13.92
13.92
13.92
13.92
13.92
13.92
13.92
13.92
13.92
13.92
13.92
13.92
13.92
13.92
13.92
13.92
13.92
13.92
13.92
13.92
13.92
13.92
13.92
13.92
13.92
13.92
13.92
13.92
13.92
13.92
13.92
13.92
13.92
13.92
13.92
13.92
13.92
13.92
13.92
13.92
13.92
13.92
14.783
15.656
16.537
17.427
18.324
19.226
20.134
21.046
21.961
22.879
23.799
24.72
25.64
26.56
27.479
28.395
29.308
30.218
31.122
32.022
32.915
33.802
34.682
35.553
36.415
37.592
38.787
40.001
41.233
42.482
43.748
45.03
46.328
47.642
48.971
50.313
51.67
53.039
54.421
58.073
59.365
60.664
61.972
63.286
64.608
65.937
67.273
68.616
69.966
71.324
72.688
74.059
75.436
76.821
78.212
79.609
81.013
82.424
83.841
85.264
86.694
88.129
89.571
91.019
92.473
93.934
95.4
96.872
98.35
99.834
101.32
102.82
104.32
105.83
107.34
108.86
110.38
111.91
113.44
114.98
116.53
118.08
119.63
121.2
122.76
124.33
125.91
127.49
129.08
130.67
132.27
133.87
135.48
137.09
138.71
140.33
141.95
143.59
145.22
146.86
148.51
150.16
151.81
153.47
155.14
156.81
158.48
160.16
161.84
163.53
165.22
166.91
168.61
170.32
172.03
173.74
175.46
177.18
178.91
180.64
182.37
184.11
185.85
187.6
189.35
191.11
192.87
194.63
196.4
198.17
199.95
201.73
203.51
205.3
207.09
208.89
210.68
212.49
214.3
216.11
217.91
219.68
221.42
223.14
224.83
226.49
228.11
229.71
231.28
232.81
234.31
235.78
237.21
238.61
239.97
241.3
242.59
243.85
245.07
246.25
247.39
248.49
249.56
250.58
251.56
252.51
253.41
254.27
255.08
255.85
256.58
257.27
257.91
258.51
259.06
259.57
260.02
260.44
260.8
261.12
260.8
260.44
260.02
259.57
259.06
258.51
257.91
257.27
256.58
255.85
255.08
254.27
253.41
252.51
251.56
250.58
249.56
248.49
247.39
246.25
245.07
243.85
242.59
241.3
239.97
238.61
237.21
235.78
234.31
232.81
231.28
229.71
228.11
226.49
224.83
223.14
221.42
219.68
217.91
216.11
214.3
212.49
210.68
208.89
207.09
205.3
203.51
201.73
199.95
198.17
196.4
194.63
192.87
191.11
189.35
187.6
185.85
184.11
182.37
180.64
178.91
177.18
175.46
173.74
172.03
170.32
168.61
166.91
165.22
163.53
161.84
160.16
158.48
156.81
155.14
153.47
151.81
150.16
148.51
146.86
145.22
143.59
141.95
140.33
138.71
137.09
135.48
133.87
132.27
130.67
129.08
127.49
125.91
124.33
122.76
121.2
119.63
118.08
116.53
114.98
113.44
111.91
110.38
108.86
107.34
105.83
104.32
102.82
101.32
99.834
98.35
96.872
95.4
93.934
92.473
91.019
89.571
88.129
86.694
85.264
83.841
82.424
81.013
79.609
78.212
76.821
75.436
74.059
72.688
71.324
69.966
68.616
67.273
65.937
64.608
63.286
61.972
60.664
59.365
58.073
56.788
55.512
54.243
52.982
51.729
50.484
49.247
48.019
46.799
45.587
44.384
43.19
42.005
40.828
39.661
38.503
37.354
36.215
35.085
33.965
32.855
31.756
30.666
29.587
28.519
27.461
26.414
25.379
24.355
23.342
22.342
21.354
20.378
19.415
18.465
17.528
16.604
15.695
14.8
13.92
14.702
15.505
16.329
17.175
18.042
18.93
19.838
20.766
21.714
22.681
23.667
24.671
25.694
26.734
27.791
28.865
29.954
31.06
32.18
33.315
33.315
33.315
33.315
33.315
33.315
33.315
33.315
33.315
33.315
33.315
33.315
33.315
33.315
33.315
33.315
33.315
33.315
33.315
33.315
33.315
33.315
33.315
33.315
33.315
33.315
33.315
33.315
33.315
33.315
33.315
33.315
33.315
33.315
33.315
33.315
33.315
33.315
33.315
33.315
33.315
33.315
33.315
33.315
33.315
33.315
33.315
33.315
33.315
33.315
33.315
33.315
33.315
33.315
33.315
33.315
33.315
33.315
33.315
33.315
33.315
33.315
33.315
33.315
33.315
33.315
33.315
33.315
33.315
33.315
33.315
33.315
33.315
33.315
33.315
33.315
33.315
33.315
33.315
33.315
33.315
33.315
33.315
33.315
33.315
33.315
33.315
33.315
33.315
33.315
33.315
33.315
33.315
33.315
33.315
33.315
33.315
33.315
33.315
33.315
33.315
33.315
33.315
33.315
33.315
33.315
33.315
33.315
33.315
33.315
33.315
33.315
33.315
33.315
33.315
33.315
33.315
33.315
33.315
33.315
33.315
33.315
33.315
33.315
33.315
33.315
33.315
33.315
33.315
33.315
33.315
33.315
33.315
33.315
33.315
33.315
33.315
33.315
33.315
33.315
33.315
33.315
33.315
33.315
33.315
33.315
33.315
33.315
33.315
33.315
33.315
33.315
33.315
33.315
33.315
33.315
33.315
33.315
33.315
33.315
33.315
